473 7
523 4
495 15
715 7
567 4
461 8
419 11
451 10
577 11
567 4
543 18
459 8
621 4
611 6
519 15
427 17
553 5
573 12
603 3
725 16
635 9
591 9
595 2
493 5
583 12
683 6
685 10
581 4
569 16
489 1
557 9
627 3
675 9
633 14
689 12
621 4
697 15
785 5
495 5
641 8
497 16
639 9
619 1
635 3
583 7
603 9
585 7
753 4
785 5
673 2
543 8
413 15
479 14
601 8
595 9
621 3
577 16
649 2
657 1
755 4
677 10
609 4
679 18
513 16
619 2
423 19
519 15
647 9
623 7
621 7
549 9
717 10
757 6
501 21
561 5
701 5
583 3
703 4
743 11
609 8
599 8
567 13
425 3
623 1
683 5
547 7
637 5
759 2
581 7
663 7
657 5
489 5
547 7
583 13
657 7
591 6
461 7
419 17
621 1
653 4
569 3
703 3
591 5
591 1
607 7
565 10
701 1
643 4
571 2
585 4
651 7
651 9
711 19
621 3
779 7
537 17
667 9
647 8
587 14
611 8
497 9
487 8
593 3
399 16
609 5
473 13
565 11
535 10
687 3
585 11
573 3
425 19
643 4
661 6
623 7
423 1
561 6
625 15
627 3
575 2
551 4
559 7
725 12
465 9
555 6
711 3
547 8
551 7
579 5
645 7
599 9
531 13
449 10
667 9
431 2
603 7
703 9
577 10
679 9
465 17
641 7
613 6
501 18
545 11
627 8
663 4
609 1
581 15
629 9
633 8
505 3
575 1
629 5
595 3
577 13
589 1
457 8
673 12
577 3
635 9
683 8
663 12
489 3
577 6
471 6
633 7
553 1
711 5
675 10
555 2
757 3
585 7
665 5
605 4
473 7
635 15
609 1
599 9
495 5
621 5
663 1
471 23
625 9
627 5
519 18
511 12
683 6
559 5
417 0
527 10
499 6
543 2
569 7
609 4
507 10
493 15
553 12
627 4
443 12
627 22
539 16
455 5
567 15
463 13
633 6
511 12
565 11
579 3
625 9
493 6
525 8
631 12
479 4
605 6
657 10
555 7
587 10
505 18
461 9
479 12
645 18
527 7
645 5
577 3
619 6
519 6
723 13
613 20
485 3
647 3
619 1
567 9
625 1
551 2
455 9
745 7
613 19
487 15
549 9
453 13
609 13
405 19
553 7
727 7
527 10
607 10
649 14
705 9
481 4
457 10
603 7
611 8
613 7
669 4
587 15
785 8
687 11
613 9
607 6
671 12
499 7
437 10
641 14
673 7
425 6
623 6
593 4
565 3
607 6
683 4
569 4
659 4
655 10
623 11
545 4
655 17
721 8
659 4
463 1
777 7
549 8
497 7
417 13
433 12
743 8
629 3
627 3
573 3
695 14
453 9
519 9
761 12
695 15
753 8
643 2
545 21
753 7
581 3
521 8
545 4
589 5
647 5
635 3
559 6
653 14
641 9
493 4
563 1
761 6
575 10
607 3
561 10
639 3
521 1
515 16
679 15
691 4
679 10
623 8
645 6
547 6
699 11
551 5
633 5
677 4
585 3
547 7
637 5
655 3
539 2
585 17
643 9
643 5
647 8
603 3
613 3
577 6
537 10
703 14
617 13
591 5
503 7
761 2
541 10
595 5
565 7
711 7
595 2
711 4
603 11
655 7
751 16
671 7
637 5
615 1
749 10
653 6
643 12
795 10
805 8
665 12
569 3
541 7
643 10
609 5
601 8
633 2
549 5
657 11
665 7
607 15
573 9
555 8
559 3
561 14
631 10
561 3
569 7
587 15
601 21
507 5
597 23
615 13
531 2
673 12
521 12
615 6
543 8
677 3
445 7
599 3
501 17
525 3
543 8
675 3
557 10
515 2
677 6
649 10
463 17
573 5
751 2
501 9
637 8
657 5
603 1
681 13
559 11
657 3
755 15
425 0
555 12
651 9
729 3
635 7
599 19
417 2
493 1
659 9
689 10
531 9
601 6
569 7
547 3
539 10
547 11
643 14
577 18
561 16
587 9
673 10
747 4
693 5
507 17
515 13
677 11
703 4
645 10
615 7
425 10
625 4
671 10
617 7
471 8
633 16
699 8
527 9
657 20
429 7
443 8
727 3
799 11
583 6
587 3
685 10
685 8
669 13
591 14
667 4
691 10
755 15
459 10
445 3
601 3
579 7
803 14
759 10
697 10
723 11
705 11
613 4
671 5
617 6
669 22
593 5
615 9
649 17
565 8
623 13
733 5
543 18
535 12
657 14
471 4
699 12
475 13
689 4
633 18
631 10
679 4
605 9
553 6
765 12
509 1
637 1
593 3
469 10
567 5
611 4
593 5
591 3
529 20
719 6
803 15
519 10
517 14
541 9
523 17
537 7
731 9
649 4
617 3
575 8
565 4
665 7
673 11
629 7
555 9
629 11
581 12
567 10
679 11
581 5
615 1
601 5
493 4
615 8
561 4
495 10
655 10
571 6
675 13
471 23
643 4
625 3
541 9
745 6
541 5
591 10
609 9
661 17
717 9
591 6
447 12
557 11
493 14
595 11
583 3
617 4
623 8
579 11
525 16
537 8
675 7
635 1
525 11
589 5
547 4
769 12
617 13
621 6
487 5
723 11
643 10
695 6
543 12
511 18
453 5
597 7
597 8
511 2
657 1
521 9
479 5
523 5
631 4
511 6
747 4
663 5
589 5
617 18
661 9
677 10
443 9
647 10
595 13
791 11
771 11
543 6
585 6
557 6
601 3
699 9
619 9
575 5
747 8
703 15
721 2
733 7
751 7
565 16
591 3
503 15
625 6
433 7
639 11
643 2
583 2
619 19
555 22
497 22
645 10
477 3
585 8
683 7
685 7
517 8
605 5
627 3
621 3
687 5
627 6
599 7
525 6
641 10
659 4
639 9
621 8
769 11
605 9
659 6
541 13
689 4
449 7
685 12
655 8
649 2
627 9
449 15
487 3
753 9
559 4
653 9
467 9
597 4
653 16
575 12
759 9
661 5
507 6
643 10
533 6
631 10
663 10
739 15
545 7
617 5
519 12
517 4
525 9
547 14
519 6
533 22
601 7
501 5
517 6
581 8
481 6
587 8
629 7
627 5
607 5
613 4
659 9
647 3
665 22
679 16
589 4
691 7
669 5
549 10
717 3
587 11
533 14
495 15
611 3
555 3
617 9
669 5
623 7
683 9
587 8
807 12
541 3
619 6
669 5
603 4
615 6
597 2
535 4
703 10
609 14
437 5
625 4
755 10
599 22
677 6
633 4
699 4
769 7
637 3
605 11
557 3
649 3
431 1
655 6
661 9
673 8
399 4
533 8
557 3
599 19
427 6
605 10
521 4
591 5
583 4
421 3
609 7
615 5
513 19
545 13
621 7
665 5
599 6
581 6
511 4
601 5
629 3
527 3
423 17
527 3
627 4
525 5
645 11
639 8
525 11
629 3
585 3
627 5
587 2
535 10
699 4
761 4
607 11
575 3
465 16
447 15
565 6
659 12
707 14
589 3
449 10
613 8
447 12
537 7
401 4
451 6
639 8
589 21
575 3
583 4
479 0
605 2
593 13
529 2
537 9
449 15
633 5
657 21
685 9
649 4
551 9
451 10
687 3
737 10
613 6
537 5
731 3
583 14
503 4
717 6
453 9
461 9
655 19
485 10
441 7
447 1
601 16
631 6
529 20
435 3
707 7
439 10
417 4
441 8
623 8
585 5
579 7
479 1
417 6
719 18
509 11
671 10
663 11
573 3
565 10
559 7
611 10
529 4
447 7
419 1
759 11
475 12
705 9
495 4
487 3
531 4
595 8
565 9
685 10
707 12
675 2
675 3
669 1
497 4
691 4
641 2
595 7
457 17
687 4
705 14
631 10
587 12
547 13
491 13
701 12
737 14
603 22
705 2
527 4
421 1
465 9
483 9
573 1
533 5
607 20
523 6
673 2
539 5
619 11
465 23
645 10
489 2
501 7
637 3
551 15
651 6
431 4
453 11
591 4
571 3
625 13
473 12
469 13
445 10
447 4
631 4
619 7
557 5
621 20
655 3
547 8
617 2
747 9
449 12
611 4
429 6
567 15
599 5
493 4
473 23
581 5
643 3
565 3
451 11
525 10
631 3
627 2
667 9
669 4
685 14
527 18
485 1
649 8
493 15
579 18
701 7
609 7
637 3
617 6
749 10
747 14
405 5
573 2
693 20
683 9
741 3
691 13
519 13
453 9
593 1
523 18
639 9
517 18
741 9
591 4
645 10
591 16
691 4
525 17
641 10
565 11
445 11
619 3
479 4
523 9
757 9
641 4
591 5
549 1
645 15
457 8
495 4
685 3
577 5
465 18
649 3
751 12
567 7
599 10
537 2
635 4
515 16
601 11
651 3
507 5
497 6
519 5
547 10
493 8
723 12
701 3
593 9
669 7
627 9
605 4
659 13
555 7
623 6
667 3
699 12
563 16
675 13
659 1
577 8
557 5
657 3
653 7
689 4
709 7
653 7
737 5
675 2
689 6
705 5
771 17
707 9
711 0
627 7
693 5
591 6
707 1
717 5
651 2
629 7
629 8
541 5
581 1
517 15
609 4
667 9
671 11
643 9
545 6
683 5
565 9
609 10
637 10
699 7
431 19
527 16
581 8
509 5
625 1
679 5
615 2
517 14
511 7
659 4
569 5
599 3
705 7
637 10
613 8
575 15
487 4
627 4
593 2
581 4
731 9
767 4
629 1
637 7
645 6
625 9
551 15
615 7
699 8
735 11
649 6
611 5
623 12
739 6
711 5
605 5
743 7
661 4
659 7
711 6
693 8
621 6
645 6
451 10
571 3
431 12
443 10
437 12
555 6
483 15
683 4
445 11
463 7
465 8
437 10
567 11
449 19
615 9
639 10
457 9
651 5
447 11
607 7
411 14
427 13
533 16
593 8
405 14
543 16
399 16
397 18
573 5
465 12
441 14
547 15
669 10
447 16
419 14
591 7
655 4
609 4
671 10
651 8
613 8
583 4
661 8
557 1
589 11
461 11
465 9
495 12
641 9
521 5
561 2
545 11
581 3
603 3
527 12
601 12
553 3
471 6
571 2
475 5
659 7
579 4
585 4
675 4
453 9
609 4
567 2
505 4
485 6
777 6
577 4
565 5
451 11
711 13
495 7
569 10
505 3
489 5
611 6
495 5
611 10
615 3
489 4
487 4
603 8
657 2
485 6
479 8
719 7
627 7
719 7
579 14
471 18
461 15
637 6
445 14
475 9
485 8
493 8
499 7
501 7
529 12
587 4
535 3
537 3
555 13
493 12
543 15
519 11
561 16
587 4
653 5
581 3
501 12
629 10
637 6
587 2
497 4
603 8
503 12
561 3
493 4
501 3
491 4
459 7
629 2
603 7
597 3
667 15
475 6
639 3
473 8
619 4
533 5
677 11
487 6
675 9
587 5
799 15
493 7
633 6
659 11
495 2
577 2
581 9
681 10
493 5
667 11
625 7
649 6
499 2
493 7
507 11
507 8
693 19
511 3
513 1
489 7
491 6
489 6
481 7
483 5
591 5
539 5
565 7
563 10
623 5
695 7
631 10
585 7
589 9
665 6
697 10
749 7
661 5
625 7
567 3
627 5
509 7
643 9
607 3
657 2
619 9
569 14
615 6
653 2
585 9
627 2
515 7
525 6
487 18
489 16
589 4
539 7
471 14
589 3
537 5
505 15
669 11
685 5
603 13
765 3
647 14
695 3
555 9
511 1
671 11
793 11
733 6
723 14
693 2
607 4
531 5
655 4
613 11
601 7
565 9
657 10
579 8
591 2
595 1
613 9
587 17
469 13
631 6
627 9
569 6
601 8
577 2
733 8
621 3
683 7
631 12
579 12
649 7
719 10
719 14
531 9
639 9
581 2
531 12
557 5
647 4
637 6
543 9
657 12
641 8
709 7
647 8
707 9
631 4
617 3
655 1
597 6
693 15
579 8
545 9
619 6
621 7
701 12
683 3
629 5
589 3
597 9
613 8
589 6
615 9
617 7
641 9
641 12
625 8
711 2
721 4
725 7
713 8
627 7
643 1
605 11
633 11
653 3
551 13
643 1
593 15
551 10
529 12
679 13
635 8
563 12
693 15
537 11
639 6
597 6
643 4
623 9
601 6
527 16
595 5
619 4
557 14
525 4
647 1
627 7
635 3
563 12
573 2
641 9
571 14
645 4
587 6
631 6
639 4
597 6
683 7
655 4
689 8
613 9
489 10
725 11
601 11
619 9
495 6
657 2
517 19
641 5
629 2
593 9
533 5
621 4
599 12
607 11
607 5
613 9
613 7
701 5
595 11
563 5
539 7
585 12
525 17
593 4
529 6
531 15
555 5
595 4
615 9
615 7
563 5
571 13
641 5
611 7
685 4
685 7
623 5
613 4
639 3
625 1
629 6
639 6
625 6
587 13
591 13
609 7
641 2
573 8
615 6
637 11
691 14
645 9
631 11
705 4
657 5
571 9
649 12
607 9
603 9
523 8
679 10
631 4
645 10
655 2
609 3
629 6
665 3
685 5
725 13
655 6
753 13
611 7
533 19
649 0
663 7
621 2
693 4
523 12
693 12
737 11
735 8
637 9
639 1
517 18
625 7
639 6
491 9
635 4
549 11
715 10
649 9
771 7
619 5
507 5
487 10
649 5
615 5
617 19
639 8
653 2
657 6
619 2
571 9
577 7
637 11
647 6
587 2
653 7
719 5
639 4
621 8
617 1
595 10
621 4
635 10
605 2
623 6
611 9
587 14
799 4
669 5
731 3
709 9
627 2
621 5
619 6
617 6
617 10
623 4
697 2
631 7
609 3
651 9
621 2
631 1
661 7
609 4
613 10
621 9
619 6
593 7
619 6
611 1
625 3
637 7
609 9
627 12
605 4
607 5
609 5
613 11
611 1
613 1
583 7
597 3
683 7
611 2
671 6
655 5
681 12
613 6
615 2
663 5
527 11
573 11
669 10
555 16
409 20
631 0
511 9
613 4
597 12
591 9
577 12
657 7
629 8
623 9
657 7
599 15
525 16
643 7
689 12
621 2
515 16
579 4
631 5
621 5
607 10
641 1
605 13
633 11
587 11
697 5
643 11
629 5
639 5
671 5
615 11
607 8
631 1
601 12
661 5
649 11
543 18
661 3
637 9
665 5
641 10
609 4
615 2
619 4
637 5
631 8
653 1
625 1
633 5
625 7
629 7
687 9
617 7
629 12
657 6
647 9
645 7
639 8
623 5
619 10
625 5
667 7
615 12
633 12
617 12
585 2
605 13
637 9
625 5
621 5
623 4
639 11
653 9
593 5
619 9
657 12
459 19
631 11
573 7
595 12
527 15
601 13
615 14
655 7
563 5
597 4
627 10
621 9
675 5
535 6
591 10
497 11
529 12
583 12
629 12
511 7
583 3
523 11
645 12
653 10
653 12
661 8
665 9
663 8
657 13
615 8
637 4
645 1
655 12
661 10
521 12
629 12
637 8
407 20
409 17
529 10
519 16
407 15
615 5
615 6
643 4
623 7
569 11
627 10
641 11
603 2
523 10
507 16
515 18
631 9
629 9
561 12
513 15
555 8
611 2
427 18
587 6
673 7
537 9
565 7
475 18
657 5
595 13
527 13
681 2
521 13
567 3
545 16
533 17
549 17
617 8
537 3
499 12
603 7
657 2
525 12
521 14
587 10
613 12
627 11
561 11
553 11
579 4
591 5
575 6
451 17
693 4
697 7
655 7
489 14
583 13
645 8
421 18
411 14
567 4
559 11
543 13
583 4
615 10
505 12
555 5
521 19
471 10
425 18
423 19
623 7
635 7
459 14
507 15
737 5
747 15
405 15
641 5
665 7
671 7
477 17
533 17
603 8
425 19
691 5
667 2
613 4
665 1
689 8
689 6
469 14
545 6
587 3
589 6
585 6
681 17
527 9
483 15
485 15
523 6
487 16
495 15
589 13
495 19
465 19
493 16
481 18
603 2
501 6
451 11
447 12
571 3
415 13
419 12
427 18
567 12
481 13
665 9
709 8
409 19
633 11
559 7
649 12
617 5
507 13
459 14
445 16
521 9
463 14
645 4
409 14
451 16
559 13
463 15
673 9
647 14
403 18
599 7
489 19
527 4
553 12
653 7
765 6
619 11
583 12
419 18
671 8
451 13
669 1
513 5
411 16
537 7
497 8
465 13
549 7
483 13
415 17
645 6
491 11
683 3
419 18
545 15
615 11
559 4
649 3
463 14
463 13
583 3
505 12
717 8
707 8
701 11
703 11
617 4
565 5
535 7
491 11
613 6
497 12
483 10
495 8
487 11
481 11
485 11
485 10
483 9
577 2
465 17
433 17
455 16
451 17
419 16
423 14
417 15
409 16
433 18
433 19
437 18
605 10
573 12
527 11
469 15
515 6
499 8
499 8
493 9
507 17
659 13
529 17
611 5
601 8
569 9
555 4
545 17
633 7
597 6
581 10
581 4
565 16
563 15
551 17
545 18
545 17
545 17
669 6
567 6
643 2
663 5
559 11
533 4
553 14
555 13
517 18
521 18
507 19
529 17
505 19
507 18
503 18
501 8
545 9
523 5
647 4
535 17
521 17
513 19
719 4
631 7
653 9
601 7
645 3
701 9
705 4
657 8
713 3
711 4
643 10
613 4
671 3
529 9
639 4
615 6
585 4
611 5
587 6
587 4
603 7
579 2
595 6
667 6
559 4
567 7
569 8
635 9
673 6
537 5
571 4
567 7
549 7
521 10
563 10
549 10
651 6
595 5
615 11
579 4
643 5
645 5
607 5
617 5
605 6
603 6
619 7
623 5
621 6
627 6
589 6
665 10
583 7
611 9
659 8
607 8
619 5
625 4
631 5
625 3
649 2
629 2
657 5
623 7
635 6
627 4
645 10
629 5
635 8
585 6
645 1
607 6
633 8
615 2
643 6
677 6
619 5
577 1
547 10
649 2
655 5
647 2
653 8
633 5
651 9
631 7
655 4
649 15
633 7
649 9
641 6
629 8
623 8
629 9
625 7
639 8
577 7
787 5
647 1
651 4
615 9
653 8
617 6
601 7
667 9
659 7
653 8
683 6
537 17
611 9
615 11
641 12
645 10
633 7
615 9
599 8
741 2
681 3
693 6
643 6
615 4
557 8
645 6
657 5
601 12
545 16
587 3
527 10
655 6
649 6
639 6
627 8
631 6
661 10
707 6
623 4
633 6
619 4
677 6
711 5
625 9
645 11
685 9
689 9
657 7
633 7
637 7
637 7
629 6
643 11
647 12
659 8
633 10
641 8
641 11
663 6
667 6
671 6
653 4
525 12
541 11
589 3
605 6
573 6
575 4
583 14
653 9
673 0
677 5
681 5
675 2
679 6
639 1
601 8
659 4
657 11
681 11
689 5
689 8
697 9
683 3
743 10
593 7
639 1
631 4
645 4
625 8
583 10
675 6
661 6
623 10
665 6
725 7
703 10
717 4
681 10
613 6
683 10
643 9
647 5
667 13
661 11
735 13
655 4
715 6
731 4
679 7
663 8
645 9
641 8
663 11
671 12
659 8
593 1
659 8
661 8
665 10
663 10
683 8
653 10
659 9
671 8
671 10
661 9
635 3
649 10
653 10
639 14
689 14
667 12
657 6
659 5
659 10
655 10
741 8
685 11
689 9
665 12
641 7
643 4
635 9
649 8
633 9
663 6
655 7
673 5
653 6
647 7
615 9
719 5
581 6
713 5
617 8
581 7
687 1
637 10
577 4
633 8
711 6
573 14
669 5
679 13
749 1
695 10
729 13
537 5
719 10
691 7
687 7
637 3
675 12
689 4
703 7
647 14
623 7
689 8
697 6
705 9
685 12
703 2
629 8
703 11
671 13
687 6
515 16
673 4
685 3
687 8
573 3
699 7
749 9
717 4
713 2
699 6
717 4
621 12
643 6
703 3
707 3
601 6
683 6
703 6
713 7
715 3
711 7
713 7
649 7
659 7
609 10
635 4
709 7
683 9
537 5
683 4
619 4
639 8
709 17
627 12
689 7
689 5
647 11
601 16
703 4
769 6
723 6
629 4
711 11
693 12
657 10
591 4
665 9
633 4
607 11
667 12
727 12
619 3
681 11
621 9
655 7
627 8
681 12
671 3
581 12
621 5
655 11
649 5
541 5
729 9
623 7
693 2
733 5
671 12
671 5
635 12
573 6
707 16
673 3
691 4
635 4
659 6
671 4
709 3
701 7
633 2
763 15
659 10
719 9
665 12
693 6
661 11
667 12
665 10
657 11
663 10
735 14
727 14
733 14
695 13
703 4
701 5
737 12
701 14
737 10
717 19
633 9
583 12
761 2
687 13
633 12
617 2
683 5
637 7
767 8
677 10
763 8
631 8
607 4
561 10
475 5
541 5
575 8
661 7
663 5
603 13
657 9
653 9
597 9
607 10
609 11
643 2
599 2
681 7
637 4
679 6
541 13
649 3
621 10
635 8
703 7
659 8
577 11
691 12
715 4
685 4
761 2
627 13
635 6
785 9
609 6
741 6
665 4
677 5
567 3
751 16
697 6
699 11
601 9
677 2
757 12
589 11
623 10
567 9
555 3
625 7
587 6
555 3
589 7
599 1
645 6
545 6
709 1
563 16
597 6
615 11
573 6
645 12
761 14
643 10
595 6
611 2
731 14
685 2
749 6
619 7
713 4
713 5
705 5
695 2
639 8
747 1
737 6
707 2
711 4
713 3
689 4
693 7
715 3
713 4
731 14
675 12
741 9
673 6
451 10
695 2
693 6
739 4
529 4
603 4
703 13
685 7
719 4
721 2
747 9
743 5
649 6
783 3
779 2
755 7
697 3
691 17
695 15
665 10
745 11
705 13
687 5
731 4
801 13
627 8
657 13
743 4
563 2
739 3
715 5
573 7
699 14
789 3
613 12
713 2
657 7
747 8
569 12
717 4
719 8
723 8
591 5
585 5
617 8
713 1
709 1
557 4
703 6
593 9
591 3
625 6
755 8
619 10
507 7
631 6
619 13
593 11
623 13
755 8
599 2
617 6
649 16
619 9
497 21
547 6
637 3
605 8
581 6
603 8
751 11
591 12
601 13
589 6
727 14
603 6
605 4
661 8
675 6
613 7
625 6
567 15
597 11
605 11
609 14
631 11
635 15
569 2
629 7
617 1
621 3
653 12
681 16
583 9
635 6
565 1
565 14
553 5
601 5
653 6
629 2
607 8
619 3
589 3
611 6
491 4
581 7
669 8
617 5
599 3
541 4
565 10
577 14
605 4
585 7
649 5
723 15
571 5
613 6
571 16
589 9
613 6
619 10
559 13
577 7
645 14
587 0
557 12
561 13
559 8
571 4
655 7
599 6
579 6
575 13
591 11
629 15
621 0
579 2
569 6
585 9
625 12
637 2
583 7
675 16
611 14
689 4
649 15
585 3
605 13
643 6
715 16
701 15
585 11
575 6
593 3
549 8
519 6
621 5
619 4
651 16
727 6
761 17
729 12
595 7
573 11
747 2
599 12
617 2
649 15
753 8
629 11
585 6
561 9
587 6
589 2
595 12
599 2
603 4
567 5
549 9
571 5
601 8
563 2
721 13
607 7
637 4
611 9
591 13
577 4
619 10
627 2
655 2
655 6
617 4
603 11
595 1
605 8
587 8
753 11
579 3
599 7
629 8
567 6
663 10
647 5
609 8
603 5
683 10
717 16
641 8
601 1
669 14
661 7
593 5
609 13
605 2
543 10
589 8
635 4
553 9
609 5
611 2
615 4
549 9
573 8
587 7
625 3
637 3
593 5
567 8
597 4
607 1
613 0
569 2
643 3
645 2
577 10
597 7
633 3
621 6
639 12
639 13
599 5
607 4
639 13
615 5
641 5
633 4
581 3
651 18
697 14
705 14
617 13
709 10
589 4
625 4
565 7
625 6
565 8
639 12
619 11
637 1
643 4
669 8
657 8
605 6
569 7
603 6
657 7
563 9
627 5
583 12
615 7
601 7
769 7
717 11
647 6
649 8
781 4
691 10
781 8
753 4
693 12
781 3
625 9
593 8
761 13
637 8
645 11
613 5
667 8
701 5
685 13
653 4
639 5
637 3
627 11
639 1
647 0
751 11
735 3
753 12
761 11
631 4
627 8
627 6
621 11
585 7
611 6
613 8
619 9
613 7
609 6
667 2
747 17
565 7
669 11
623 2
675 7
709 15
671 11
595 1
707 12
687 8
705 10
605 18
697 11
671 5
663 7
663 5
675 14
709 14
689 8
761 13
663 3
667 8
663 16
655 13
673 9
657 16
681 9
667 6
683 4
645 4
649 5
675 8
663 5
797 7
657 19
741 4
743 5
687 9
787 8
599 8
599 6
665 17
685 8
591 4
757 3
489 10
539 2
675 14
641 7
669 6
649 3
497 2
605 1
629 13
671 15
665 12
707 17
787 3
631 9
633 9
623 5
639 9
635 9
617 7
637 11
647 6
599 5
645 2
565 3
513 1
635 15
659 3
687 18
643 5
709 14
593 7
671 9
597 2
677 4
685 17
715 14
683 5
687 17
689 9
585 3
633 4
575 8
703 9
691 8
601 10
679 10
643 4
615 12
673 16
593 4
677 14
657 8
667 14
553 4
629 5
663 12
657 3
649 8
687 13
683 16
609 6
599 9
641 1
581 5
687 14
693 13
687 11
643 9
691 12
587 2
585 6
659 4
645 13
619 1
687 12
621 1
637 6
679 6
649 8
581 8
641 3
637 2
627 2
679 12
581 8
637 1
563 4
635 2
625 3
565 8
683 5
551 7
547 7
609 1
687 15
683 6
657 2
655 6
649 3
689 9
659 7
757 10
621 7
709 14
571 4
603 7
605 3
685 16
695 15
695 15
623 10
643 17
661 9
555 4
641 15
641 14
583 4
585 4
639 3
629 5
639 5
633 1
595 1
709 17
653 3
571 8
639 4
609 2
639 1
643 3
619 1
625 1
661 3
663 17
643 7
641 8
617 9
639 17
711 10
687 5
637 6
649 20
639 10
647 15
643 10
635 13
663 4
647 5
659 5
565 2
655 8
589 3
503 4
607 1
661 10
587 6
647 13
591 3
631 4
603 3
641 5
583 2
639 16
561 4
643 1
609 7
659 7
649 14
637 18
643 16
631 1
687 8
517 1
549 4
653 7
651 6
607 1
601 4
635 5
651 3
649 6
649 3
649 5
657 5
653 4
643 1
645 9
507 2
539 2
621 2
615 3
579 6
535 4
615 1
641 6
609 4
633 5
583 8
569 6
583 10
497 9
651 11
539 16
399 6
523 8
521 1
499 7
605 14
659 15
555 3
531 2
543 0
539 2
565 5
643 4
595 2
573 6
555 7
595 9
525 6
569 3
569 4
633 1
649 3
659 7
629 4
593 4
613 3
617 1
483 0
609 5
613 4
591 2
623 2
607 0
591 5
443 0
615 5
611 2
609 5
579 4
603 5
607 5
539 4
597 2
605 2
613 2
601 5
593 2
557 1
565 5
611 1
611 1
609 0
661 8
591 2
611 2
595 1
691 6
573 4
599 8
553 6
531 19
623 3
611 18
749 12
603 1
443 14
605 3
593 3
587 4
587 5
775 13
667 9
563 3
659 7
595 3
497 1
607 0
637 8
577 1
647 1
615 1
617 2
605 8
593 1
587 11
561 5
565 3
583 5
535 4
547 6
553 1
569 3
585 6
563 1
535 9
645 5
659 14
671 9
639 9
547 7
477 2
439 6
553 6
551 4
619 6
539 7
547 5
553 5
557 4
627 5
605 3
573 15
575 15
593 4
679 14
605 10
587 11
577 8
589 5
627 11
627 8
645 7
611 15
691 12
561 5
545 7
575 4
701 15
629 5
611 9
555 5
601 5
593 10
561 8
625 8
569 6
601 3
583 9
583 11
573 8
569 7
599 0
599 6
603 1
601 12
693 10
603 10
535 7
757 10
397 5
495 2
563 5
621 10
555 5
547 5
541 8
547 5
543 7
611 6
669 7
643 12
543 9
645 12
571 5
567 2
543 5
537 6
561 2
545 6
549 6
543 6
549 7
551 8
543 7
729 8
561 6
665 8
551 6
631 10
561 1
571 2
591 4
547 4
557 4
675 5
493 6
665 3
633 10
621 4
485 12
561 4
547 3
519 0
597 6
575 4
565 12
495 6
613 20
537 9
541 6
625 12
797 9
615 3
545 6
581 9
645 16
599 5
521 10
539 20
499 10
663 6
669 11
573 3
545 6
753 17
569 3
565 3
503 3
555 4
475 6
471 2
395 7
599 7
673 11
613 8
567 2
583 4
707 17
413 7
461 1
563 6
485 2
507 13
603 3
563 2
539 16
437 1
541 4
591 4
629 9
565 2
643 1
585 6
593 6
685 8
607 2
587 6
807 8
543 12
505 23
505 2
691 9
569 2
593 5
499 3
493 2
505 12
509 1
505 2
403 5
457 1
519 14
491 1
421 5
477 2
509 2
585 4
573 4
549 5
525 2
533 3
695 10
667 1
653 4
531 2
553 3
603 10
513 1
717 13
663 6
585 3
757 8
599 5
537 6
571 3
591 4
599 2
715 9
713 13
669 7
573 17
675 14
569 14
651 22
433 1
689 7
571 4
423 4
563 3
627 4
593 5
495 5
435 2
731 16
673 3
599 6
567 4
759 10
741 17
553 6
615 1
585 4
593 3
573 2
587 3
709 5
527 14
797 9
767 13
541 9
549 6
667 9
569 3
563 7
625 19
657 6
591 4
767 4
671 13
639 20
621 19
553 7
579 8
433 1
547 5
575 5
573 2
601 4
493 4
577 4
547 7
575 5
575 4
571 7
569 4
571 5
565 3
565 6
563 6
557 7
563 6
567 6
575 6
571 8
577 6
563 6
575 7
583 5
529 4
613 10
751 1
557 6
595 5
661 7
577 4
613 4
637 9
573 3
561 6
583 3
555 4
571 4
577 5
585 5
571 4
457 0
617 6
559 3
627 5
559 4
571 5
581 3
593 6
573 5
609 7
577 2
543 3
597 7
573 7
573 1
649 13
661 9
575 5
587 1
567 4
631 19
647 13
679 9
559 5
585 4
565 0
567 1
407 4
577 3
627 8
577 5
565 5
583 7
645 5
557 4
563 5
561 3
567 4
595 6
589 2
555 2
569 4
665 5
565 3
587 5
557 3
595 7
557 2
557 3
563 2
553 2
549 3
525 4
527 2
533 4
523 2
559 4
525 5
541 4
537 6
547 4
549 1
543 4
567 3
589 3
587 4
567 1
667 8
565 3
569 1
661 12
583 5
569 3
565 3
571 2
571 5
575 6
581 8
577 7
581 8
579 6
581 6
599 8
595 3
617 7
615 8
629 8
561 3
635 7
647 6
611 8
633 7
635 7
597 6
563 3
567 4
557 1
555 2
573 1
575 3
575 2
643 4
759 1
603 2
577 4
629 10
613 6
611 6
563 3
703 14
601 8
765 4
633 15
557 5
563 6
549 4
559 6
661 10
541 5
539 5
637 8
669 8
699 14
571 4
589 4
577 5
583 5
583 3
597 7
567 4
657 4
567 2
569 5
527 4
691 12
583 3
563 8
667 17
597 3
559 3
575 2
623 19
543 6
599 5
561 4
665 8
657 4
579 3
625 2
549 5
691 7
539 2
509 8
619 4
761 7
669 10
695 10
691 13
705 6
647 9
751 2
607 8
563 7
497 2
447 13
437 5
597 23
447 4
481 1
493 11
491 3
599 8
521 11
587 6
597 5
619 7
571 6
571 7
647 11
695 7
575 7
569 4
563 5
559 4
727 16
657 6
671 8
721 16
683 5
615 16
751 14
719 13
711 14
673 11
639 12
763 9
683 17
641 18
683 9
685 14
681 11
721 16
727 16
731 17
557 6
557 12
679 12
645 10
609 7
639 11
747 12
623 7
645 3
559 10
681 9
607 3
605 4
605 4
593 3
599 3
711 12
681 9
599 5
593 7
637 13
691 10
689 10
625 12
645 13
655 14
615 4
613 5
681 9
691 14
691 13
749 10
675 16
651 5
737 4
641 9
689 10
599 11
765 9
741 14
567 13
687 14
705 15
715 12
749 17
757 13
773 12
705 17
715 14
753 12
699 11
735 9
755 3
753 7
675 16
693 10
699 10
681 14
719 10
721 8
759 10
763 14
735 13
665 6
677 6
701 9
683 9
701 12
699 14
713 14
687 10
605 6
583 8
691 9
805 8
757 14
725 5
603 15
653 9
715 11
669 10
667 8
623 10
623 15
713 5
641 3
641 14
577 1
701 11
485 8
515 3
785 8
619 1
621 2
639 4
551 2
707 10
687 14
603 5
641 7
677 10
501 4
613 4
525 15
665 2
659 8
597 10
627 5
595 13
697 8
701 19
671 13
627 13
581 10
607 8
763 10
729 14
717 16
743 14
747 13
615 17
629 13
743 15
759 9
667 16
637 9
751 13
745 9
699 13
731 12
717 6
709 16
721 10
605 18
755 13
721 9
677 17
723 16
757 8
743 14
757 11
521 6
751 11
737 14
745 15
755 14
747 16
753 16
717 19
479 7
583 15
729 16
735 13
745 15
725 14
765 9
745 16
735 12
787 6
759 14
643 3
581 7
499 6
749 15
701 16
731 17
639 9
739 15
739 14
763 13
747 15
641 3
761 12
729 16
601 13
615 11
669 11
687 15
689 14
701 13
721 14
757 6
641 13
727 16
725 16
523 3
749 7
661 19
705 16
709 13
709 17
711 14
713 13
667 3
731 17
715 14
551 5
597 19
659 12
553 7
633 8
675 15
681 18
615 9
645 17
651 13
671 18
625 2
707 16
611 11
663 15
679 9
671 16
593 10
665 7
725 13
611 16
607 9
595 5
687 6
669 8
615 10
665 10
687 13
677 10
571 6
717 13
733 9
617 2
597 3
605 3
603 2
639 6
683 7
649 14
687 15
669 15
685 7
603 8
595 6
619 12
629 6
589 9
641 7
601 8
605 10
667 9
667 12
699 9
663 10
637 4
703 17
597 2
611 11
617 12
651 5
659 10
595 9
705 16
643 5
613 1
555 10
585 8
617 1
633 7
665 6
629 11
607 11
595 6
611 9
605 3
591 6
675 11
649 7
623 15
687 7
703 15
607 8
649 13
709 8
709 15
705 17
593 7
589 5
669 9
663 11
519 19
547 8
625 6
567 6
663 9
655 7
695 14
629 9
555 11
629 6
637 4
623 6
671 13
709 16
689 10
591 8
657 7
613 7
699 12
607 4
617 19
605 3
655 14
683 13
611 2
697 15
591 9
585 5
649 3
639 4
619 6
663 7
621 7
649 4
735 10
511 16
615 5
619 4
547 8
647 12
685 8
559 5
591 8
589 8
581 9
591 5
599 6
591 5
589 7
593 7
591 7
593 5
613 6
585 6
585 7
585 8
595 8
605 7
607 5
651 17
653 14
669 16
673 16
599 3
647 13
633 10
597 7
619 7
681 17
719 14
653 15
675 17
595 9
741 8
655 16
611 12
621 14
619 14
653 16
663 15
661 16
583 6
613 2
653 14
645 10
667 11
611 13
597 3
609 11
803 1
661 9
631 7
645 9
665 10
701 9
683 5
615 15
613 12
593 5
591 5
595 3
593 4
603 4
611 5
651 5
631 4
597 10
631 5
603 9
595 3
607 15
631 2
667 2
611 9
693 8
673 1
679 5
625 3
735 15
613 3
625 2
621 2
625 8
533 13
529 21
653 4
743 6
601 6
543 9
665 10
671 9
643 1
619 7
719 5
627 2
621 1
479 23
469 2
699 15
623 6
621 9
625 5
617 4
657 15
739 15
663 10
623 10
523 19
623 4
679 5
631 5
627 7
595 6
621 9
697 2
657 3
591 5
657 5
657 7
647 4
615 8
597 2
643 18
453 7
607 17
699 11
693 6
641 1
681 17
695 10
717 9
681 11
683 11
697 6
677 5
651 10
679 11
719 8
723 12
727 10
775 6
631 17
589 15
517 19
703 12
693 10
691 9
651 18
757 7
711 8
711 2
729 13
695 11
679 7
609 6
695 5
663 11
653 3
623 12
549 11
693 5
725 8
679 2
393 6
689 18
689 9
703 3
677 18
665 10
611 2
557 4
643 9
563 1
561 6
547 13
609 22
671 3
467 19
605 3
667 6
701 9
487 15
577 4
569 2
509 16
531 18
589 6
697 9
703 4
699 4
613 4
571 7
601 2
643 12
657 10
533 11
623 10
675 5
587 9
495 10
707 10
621 2
579 5
569 12
579 1
755 9
555 6
695 0
683 9
705 10
709 7
691 5
605 13
461 12
523 7
619 11
683 10
661 8
593 4
637 1
621 13
433 3
597 2
597 1
567 6
695 7
549 7
629 2
581 1
551 9
575 6
557 5
593 3
587 6
737 9
643 5
617 17
663 2
675 6
681 7
663 8
659 3
621 4
641 1
663 6
661 5
653 10
683 7
679 6
669 3
663 4
679 6
679 6
675 10
645 11
663 7
673 9
645 11
669 6
675 7
543 7
757 13
649 7
637 6
665 10
665 9
651 5
655 6
549 7
637 7
647 9
661 6
633 11
659 5
645 9
653 2
755 13
643 8
679 15
653 9
655 7
661 6
653 11
653 11
711 12
705 6
729 10
735 8
737 15
495 15
707 10
805 1
727 14
713 15
717 4
721 14
623 9
715 14
705 10
713 15
681 22
755 11
795 3
697 0
715 12
551 11
477 1
491 7
491 3
731 13
503 6
489 10
649 5
637 10
491 11
635 12
431 3
667 11
609 6
733 9
807 3
745 10
581 1
643 13
687 15
467 13
677 11
773 20
681 5
723 2
635 11
605 7
693 6
751 14
571 10
659 16
741 9
759 6
763 7
637 16
719 12
733 15
527 14
717 11
635 2
595 6
763 8
785 12
763 12
671 14
769 11
769 8
773 9
799 11
785 16
799 11
791 10
795 10
775 17
679 10
793 15
799 10
785 17
783 7
773 7
777 7
595 8
629 5
627 1
783 17
703 3
789 13
785 11
779 12
771 13
725 10
679 7
551 8
789 13
791 7
581 12
455 5
683 7
687 1
665 8
667 8
635 12
675 9
759 3
703 15
649 9
663 3
665 8
739 12
711 15
783 5
791 13
793 17
785 10
799 16
777 8
671 8
737 14
713 11
691 4
679 4
677 5
685 5
779 8
589 1
641 11
625 8
567 3
577 7
639 21
633 9
605 21
565 20
665 20
539 8
555 7
673 1
673 5
641 7
675 6
639 9
493 21
683 1
519 17
501 20
559 5
599 3
647 7
631 5
701 1
691 2
435 4
575 9
609 11
507 9
549 9
553 13
499 1
605 12
581 10
557 7
563 13
511 8
583 15
587 13
597 6
479 3
449 1
487 2
477 5
621 15
491 1
649 15
523 11
547 1
589 8
555 17
583 9
675 19
459 3
435 6
491 14
431 7
455 1
585 3
485 3
537 8
533 10
599 4
595 8
605 7
427 2
591 8
507 7
555 5
571 17
439 2
551 17
547 20
445 2
423 6
409 1
527 18
539 17
535 15
615 2
525 5
513 19
563 10
551 8
553 8
555 8
495 2
501 3
503 2
499 3
487 0
493 6
433 5
533 12
517 8
469 10
429 2
501 4
515 3
451 3
457 1
447 3
473 12
475 2
473 2
545 11
487 4
439 4
459 3
477 2
447 2
431 7
681 16
529 6
615 13
489 17
407 4
755 6
559 15
481 12
407 3
689 13
477 4
491 2
611 18
437 2
489 2
427 1
477 1
473 3
443 5
577 5
447 4
507 17
481 7
499 14
479 4
505 11
483 5
487 2
439 10
475 1
483 0
439 5
517 5
527 5
539 7
537 8
437 6
669 9
577 16
583 9
633 9
559 19
541 4
523 7
517 5
521 3
495 4
493 2
485 3
537 21
593 17
439 6
459 7
503 25
503 16
637 12
539 4
511 19
525 8
515 8
519 7
503 6
513 6
507 4
503 9
503 9
527 13
519 11
507 2
487 0
487 0
521 9
497 4
517 5
491 1
483 3
487 2
499 6
569 12
567 10
557 6
611 6
507 7
515 5
507 5
495 8
499 5
591 9
629 10
479 18
603 2
579 12
573 3
589 1
553 14
601 4
489 13
499 14
499 16
559 8
613 2
557 6
579 2
563 4
559 5
679 11
555 2
559 4
551 3
553 2
569 4
583 16
555 3
561 11
559 9
621 7
627 6
577 7
615 6
563 10
567 9
569 11
573 6
583 8
575 8
571 3
635 9
623 7
603 4
591 7
609 3
615 3
635 7
641 8
641 9
641 9
615 8
633 11
633 6
601 4
571 6
629 5
629 4
607 3
603 3
543 8
425 7
563 17
641 20
529 15
549 3
553 3
541 8
519 10
637 3
533 12
611 7
609 19
585 18
467 11
563 18
585 3
559 22
601 19
531 7
633 21
667 8
659 6
613 8
581 7
647 13
657 7
625 8
625 6
625 3
587 13
597 11
605 10
597 12
673 10
569 23
513 3
645 18
695 10
719 5
685 15
689 15
749 10
721 7
623 6
667 13
665 17
579 8
733 16
691 10
663 21
673 17
671 10
681 22
483 23
611 18
531 21
575 16
681 13
607 14
607 12
613 13
689 11
663 4
713 9
685 10
695 10
647 2
585 15
561 23
627 12
611 10
633 23
667 9
655 9
565 18
765 6
505 13
611 22
559 18
623 6
583 15
551 10
705 11
701 17
705 8
701 11
709 12
707 14
717 15
531 19
677 19
679 12
659 20
675 12
507 7
641 6
687 11
683 5
681 1
657 5
695 7
663 14
683 12
507 14
697 11
697 9
667 6
649 20
629 3
671 2
645 8
653 7
647 13
683 3
669 6
565 19
657 14
727 10
519 13
591 9
641 9
715 6
653 2
627 13
581 6
699 9
683 11
683 10
671 13
679 11
641 19
779 12
685 6
685 5
593 9
799 3
637 1
591 6
661 14
693 9
767 2
681 16
651 12
659 12
651 10
667 10
667 5
579 13
619 4
589 10
671 5
595 3
469 5
637 17
611 4
615 7
513 15
643 4
491 23
523 17
531 8
571 8
623 8
663 14
649 3
661 3
639 1
533 20
671 7
635 10
551 3
655 13
593 14
475 5
651 4
623 10
599 8
491 9
723 11
533 10
581 14
549 12
493 22
591 14
627 10
633 21
623 10
639 11
491 22
633 5
653 17
491 10
595 15
497 5
565 12
499 18
501 2
691 15
635 10
495 2
653 1
567 4
515 6
633 18
611 12
611 13
589 8
647 15
557 8
601 14
675 2
645 3
537 11
527 5
573 15
641 12
557 4
657 2
697 11
481 22
671 2
481 11
577 4
499 12
487 10
775 10
543 18
633 4
591 8
661 6
659 15
477 10
493 4
651 13
585 6
441 4
509 21
577 18
715 8
519 21
469 11
585 7
649 8
567 6
561 6
589 12
635 7
623 15
641 9
573 20
521 12
555 6
647 7
663 15
599 5
643 8
501 23
515 22
567 3
595 6
473 11
621 19
551 2
683 18
563 7
505 3
469 6
781 6
473 12
687 10
493 14
567 11
687 10
649 4
479 6
639 10
553 8
531 19
663 16
647 5
645 3
669 13
713 12
685 9
571 13
559 8
531 2
635 5
625 20
493 22
495 20
495 21
555 4
651 2
481 6
647 8
615 8
571 11
609 5
681 17
581 15
583 15
601 11
627 3
629 1
623 0
533 1
531 9
523 14
505 5
679 3
635 8
641 2
581 15
643 10
497 20
489 7
665 18
605 7
549 12
489 9
619 10
627 1
613 2
573 6
549 8
643 3
515 3
637 1
535 3
665 15
473 10
523 14
643 3
555 3
523 8
447 11
499 4
673 1
505 5
515 4
627 15
477 4
513 3
535 3
583 4
557 7
605 9
637 5
495 10
629 6
499 9
667 14
569 7
419 1
645 4
647 2
567 5
535 7
481 3
625 7
651 8
601 4
655 1
549 2
645 3
637 4
585 5
559 3
519 11
533 13
583 5
613 2
599 4
605 3
629 1
523 5
633 10
649 3
635 3
639 2
637 10
577 8
507 16
611 9
571 14
579 8
561 14
573 14
559 5
559 11
643 14
517 21
631 4
515 8
531 6
545 6
511 2
581 1
659 4
715 12
609 1
725 9
675 7
605 9
799 6
605 3
587 5
579 5
561 17
601 5
445 12
637 8
547 3
535 10
503 7
555 8
669 5
577 10
497 4
531 8
521 5
651 19
623 17
639 13
729 13
611 18
617 18
621 5
645 17
575 14
587 14
607 7
667 15
599 7
545 11
609 9
643 5
555 3
675 15
675 13
669 16
727 6
537 4
591 6
667 6
551 10
579 5
659 4
599 4
493 9
669 1
639 10
705 13
545 17
581 8
579 9
515 20
525 9
543 16
547 8
511 15
555 15
583 15
549 17
547 17
559 16
565 19
521 6
643 3
667 3
629 6
563 16
585 16
649 9
589 6
621 3
587 11
569 10
583 11
503 6
501 20
501 6
495 8
555 15
589 11
581 4
645 2
583 8
605 8
523 11
515 5
549 11
647 6
579 16
583 16
535 12
509 6
557 10
545 4
577 10
579 15
581 16
591 14
601 6
779 14
713 11
591 15
571 13
653 4
621 4
589 4
637 5
683 5
499 20
637 1
585 8
589 10
617 11
593 6
671 11
523 19
503 21
633 4
595 12
685 12
575 7
491 21
495 21
641 2
621 4
525 18
533 18
537 15
525 17
495 8
657 2
633 4
611 4
531 20
519 20
523 20
537 19
539 17
549 18
549 17
547 18
537 6
541 14
611 3
595 7
539 12
559 8
535 6
635 5
513 3
605 4
579 12
533 17
521 20
523 19
513 21
501 21
513 20
661 4
553 9
567 2
693 3
643 5
653 10
635 9
595 10
565 11
635 2
577 2
627 6
545 9
599 12
667 11
609 6
541 7
653 14
651 3
617 3
667 4
647 3
619 3
607 6
613 6
549 9
577 5
613 2
625 4
653 1
663 3
645 2
615 14
697 8
611 9
595 8
587 5
589 4
601 12
667 6
579 8
591 7
589 10
607 11
593 8
671 2
615 4
625 9
649 3
593 3
667 2
653 4
563 9
635 14
611 12
571 5
623 4
559 4
585 7
637 15
653 12
603 5
659 4
621 4
595 4
633 2
563 6
629 6
561 8
653 3
633 11
663 12
727 12
639 14
605 5
625 11
625 14
615 9
617 11
603 8
623 8
601 10
631 6
621 3
599 10
657 4
635 9
689 6
649 3
733 13
587 6
565 8
627 2
639 6
663 8
575 4
695 15
675 13
591 4
653 5
585 5
611 5
563 7
645 8
663 11
573 5
583 5
541 2
549 3
623 3
677 14
635 2
643 2
685 3
677 5
685 3
717 5
653 5
717 13
697 9
675 4
679 10
693 7
563 11
619 4
573 3
579 10
635 2
603 4
643 2
655 6
535 6
633 7
565 11
587 8
671 8
575 9
547 6
681 9
515 5
593 6
611 2
589 5
631 5
599 6
571 10
585 8
583 10
565 4
779 7
679 10
665 13
691 12
671 15
771 7
685 9
727 7
641 11
673 11
651 3
661 3
653 2
639 5
509 1
677 4
599 4
615 10
567 3
555 8
575 5
589 5
565 3
549 5
601 9
585 5
591 6
611 1
737 11
571 3
569 4
559 3
565 5
589 3
601 1
585 4
559 5
589 2
515 4
587 3
511 6
501 3
625 3
677 5
611 3
537 7
565 5
533 2
537 4
533 6
525 3
533 3
515 5
519 6
493 2
527 8
523 3
693 5
593 6
601 2
653 17
583 5
611 5
637 5
613 2
715 14
723 6
619 1
623 5
635 9
625 1
587 6
591 6
591 4
611 21
687 1
659 17
757 5
693 12
753 12
631 7
667 9
613 10
675 2
593 8
637 3
631 2
675 1
617 4
641 4
645 14
621 2
619 3
625 9
659 15
595 8
607 4
591 9
639 3
599 9
681 6
647 10
641 13
665 3
615 9
679 14
593 8
593 9
663 1
685 5
599 1
621 2
615 9
639 4
631 3
629 4
651 6
727 14
721 6
685 4
659 5
787 7
643 10
647 2
665 1
671 4
629 5
619 9
643 4
641 2
665 3
667 4
641 1
645 2
651 2
659 9
713 10
709 7
623 7
767 9
667 3
667 6
667 4
695 14
671 9
661 8
653 15
661 11
775 5
679 15
669 8
737 11
647 13
623 11
645 10
693 4
623 17
735 16
621 2
669 3
665 6
647 5
643 9
659 9
677 12
789 9
787 6
733 15
663 8
659 2
649 2
641 2
661 13
663 18
665 16
665 16
663 17
567 19
797 6
525 9
717 6
651 13
627 7
729 9
673 7
635 16
665 11
675 12
669 9
757 7
669 12
775 3
657 21
675 12
655 18
651 17
669 16
637 15
665 15
647 16
667 16
703 9
693 1
671 8
763 10
677 9
747 9
755 4
685 16
683 14
633 22
797 15
685 2
683 3
689 4
521 11
695 7
713 7
797 11
765 8
751 8
749 9
679 6
681 7
669 4
667 7
745 8
639 5
693 12
609 8
701 9
699 9
689 7
679 10
679 8
669 7
647 14
647 9
631 5
493 6
609 6
743 7
779 7
625 5
679 4
797 12
613 5
577 5
613 4
619 6
725 11
699 7
715 8
791 9
735 8
697 5
783 9
741 11
691 8
725 5
639 4
703 12
611 11
571 4
777 8
687 12
697 14
689 14
729 13
663 10
441 11
501 18
713 3
607 7
657 1
715 13
711 13
799 7
703 15
621 4
719 11
729 11
653 9
625 4
713 4
717 5
723 12
721 11
723 7
733 8
701 8
763 4
623 15
737 8
525 15
589 11
741 5
445 12
739 8
765 7
775 11
747 11
747 13
765 8
763 7
759 5
697 5
537 13
687 13
789 8
779 7
791 11
637 2
665 2
787 8
795 12
717 11
697 7
721 9
603 10
647 2
703 5
457 22
751 6
767 7
769 11
761 9
769 9
793 2
701 11
627 5
615 6
599 3
563 6
625 3
763 18
647 10
517 18
671 4
647 6
719 8
769 6
807 8
599 9
807 13
797 12
793 10
787 9
571 6
755 4
785 10
721 10
681 12
743 6
749 16
755 2
699 8
641 9
797 11
801 14
793 10
799 15
785 12
783 12
741 7
675 11
753 13
675 9
733 9
721 9
567 3
541 2
589 4
661 7
587 9
621 4
481 6
565 5
653 1
585 3
695 7
575 5
565 7
537 12
595 9
605 1
699 9
625 9
635 5
629 4
609 5
611 4
601 5
633 9
697 7
621 7
639 3
647 4
651 4
649 2
565 7
551 7
657 5
663 2
671 10
697 8
751 8
625 6
631 6
637 7
639 7
525 11
617 10
627 4
613 6
613 7
759 3
577 1
699 9
545 10
555 6
585 9
645 6
583 7
621 2
625 2
601 3
491 3
607 9
487 4
523 6
579 3
617 3
591 7
609 5
685 7
631 8
537 5
591 5
535 6
643 5
607 1
615 2
609 3
609 14
527 5
617 5
609 2
625 1
603 3
609 2
559 20
571 5
587 3
595 6
613 6
533 9
587 12
603 3
579 5
635 9
617 18
621 10
605 5
489 19
631 11
581 4
669 7
625 3
659 4
601 2
585 8
611 4
529 11
635 19
621 3
623 3
609 5
613 2
637 10
605 7
605 4
687 9
611 6
609 6
605 22
681 10
605 6
607 5
631 4
563 2
611 1
521 11
519 2
549 18
627 4
663 9
641 7
545 11
575 6
587 3
539 2
553 5
583 5
561 1
593 4
515 7
559 5
555 6
521 10
557 2
535 4
669 10
509 2
603 5
489 16
621 9
683 6
587 5
633 3
593 9
625 10
611 8
635 3
661 4
627 3
599 7
543 24
489 19
695 4
639 8
633 3
689 8
637 6
613 11
639 1
627 10
623 6
605 15
615 15
611 15
619 13
615 13
633 10
629 4
647 15
615 8
553 11
583 4
639 10
661 5
645 2
605 7
611 6
607 11
607 8
641 1
625 7
599 7
629 5
625 4
629 3
633 5
629 4
635 2
631 3
631 10
631 10
665 12
573 2
633 2
627 11
619 7
627 3
607 4
603 11
521 12
631 3
639 2
621 9
605 9
607 10
609 6
619 2
613 11
635 1
627 11
617 10
535 6
617 8
605 5
569 9
631 1
633 1
627 9
673 10
611 7
617 8
597 10
635 6
593 10
613 0
597 9
663 12
609 10
613 8
663 11
621 4
613 12
543 10
607 6
611 4
611 3
619 4
619 3
625 9
631 8
637 7
617 5
635 11
569 2
681 8
663 6
667 10
649 19
661 11
649 9
649 7
641 8
663 4
665 6
645 7
775 6
557 15
543 7
579 10
643 7
653 10
705 9
691 11
681 4
669 9
513 14
735 10
691 11
665 9
675 5
703 12
701 7
721 8
703 10
751 1
659 7
629 2
483 13
653 9
615 8
621 6
617 20
631 7
611 5
623 7
571 5
645 4
639 6
657 12
589 2
613 18
627 6
589 4
635 5
719 9
483 7
569 4
645 6
571 2
497 19
581 5
637 4
519 4
637 5
653 6
589 10
633 5
607 3
615 2
645 7
659 4
579 6
623 8
605 7
563 6
541 6
611 8
493 20
523 9
611 7
565 10
651 17
655 14
595 2
701 6
501 6
687 7
589 5
647 11
651 9
647 18
573 20
625 8
601 8
627 7
649 15
595 20
503 9
623 21
637 9
523 8
627 20
619 19
689 2
575 6
631 12
631 10
575 3
635 9
573 18
609 20
639 20
689 10
621 6
627 6
575 4
573 10
615 5
621 5
579 3
567 18
609 7
553 8
545 6
613 2
609 7
601 3
603 7
543 7
599 8
553 6
571 7
621 7
617 7
619 7
563 5
495 10
601 4
599 5
597 19
573 18
549 5
621 8
549 2
557 11
595 6
569 10
571 18
565 8
561 10
481 6
571 10
553 12
487 6
577 4
579 7
575 9
567 6
519 22
495 8
537 7
505 9
513 10
525 7
597 3
461 21
493 3
497 5
525 12
725 12
531 11
529 13
499 4
467 9
607 13
537 8
593 1
591 9
585 8
487 3
741 6
513 6
569 7
551 9
699 10
561 10
535 10
533 9
525 12
535 12
499 14
487 2
511 13
481 6
581 8
505 5
491 5
461 12
589 6
509 5
511 4
539 6
483 7
491 5
635 8
629 10
473 21
599 2
529 5
591 4
551 2
595 6
509 5
531 5
551 10
595 2
635 4
591 6
521 12
495 3
493 2
547 7
559 8
641 8
499 4
577 1
495 3
519 12
515 12
555 3
745 14
503 4
507 3
515 3
511 5
567 1
625 10
629 9
655 12
561 9
565 3
533 6
579 2
573 2
695 3
563 5
579 6
647 20
607 22
535 6
531 8
573 9
715 7
673 13
585 4
581 3
587 3
599 7
613 9
595 7
551 7
527 5
523 6
547 13
603 5
599 7
587 3
573 9
681 12
643 12
521 10
639 7
757 3
525 4
685 2
631 7
649 19
733 11
619 21
627 20
651 14
655 1
629 11
649 16
669 2
705 10
655 4
709 9
669 16
695 4
639 13
639 13
657 13
685 10
511 12
725 5
725 6
679 7
661 8
661 15
665 8
635 13
637 19
523 7
641 10
645 10
653 11
645 10
605 21
665 1
673 2
653 14
663 12
693 11
679 11
677 11
657 14
669 13
675 9
677 8
671 11
685 10
683 8
687 7
695 6
701 12
707 5
703 11
657 10
671 3
667 14
609 9
677 10
665 1
657 15
647 13
705 14
695 15
649 21
657 14
667 15
669 21
675 3
689 13
641 18
665 12
671 14
697 10
677 13
693 11
599 4
675 17
667 19
657 15
681 11
687 5
677 8
571 4
715 7
683 6
689 6
675 14
671 14
697 2
683 4
695 11
701 7
677 11
693 2
685 5
715 4
729 8
677 7
693 6
695 7
659 11
665 22
695 5
699 9
717 7
701 4
671 11
695 5
699 4
715 6
621 8
519 18
647 14
727 3
691 7
711 11
699 10
683 13
673 11
567 14
639 9
689 3
681 14
689 9
509 3
705 11
627 16
707 10
699 12
725 2
687 14
725 9
727 4
681 6
631 9
513 17
539 10
641 4
587 6
521 12
547 11
563 14
665 7
495 18
529 12
559 7
509 13
523 15
587 2
593 9
555 10
773 4
565 17
537 16
613 9
483 10
623 10
657 4
515 10
575 9
513 13
569 10
555 14
517 14
515 14
555 9
517 16
571 8
597 6
519 5
653 8
523 8
513 14
447 15
495 18
491 19
521 12
539 12
533 12
517 12
519 8
505 13
749 5
455 19
589 9
637 8
679 15
507 17
481 17
643 12
537 17
573 10
701 10
533 6
517 16
535 4
509 17
539 16
715 8
657 4
553 15
421 1
479 19
681 14
559 15
711 11
575 5
633 2
791 6
597 4
495 9
669 10
453 9
497 11
495 14
575 5
687 9
539 11
583 7
779 4
597 8
567 10
631 12
581 2
687 4
533 21
511 6
551 9
545 8
539 16
565 10
511 18
551 12
457 6
663 8
651 13
675 4
625 8
573 3
591 3
601 8
585 4
649 6
585 2
505 12
695 10
515 12
595 7
523 9
587 2
673 9
587 8
571 2
627 6
617 9
585 5
571 5
561 4
553 3
533 9
561 7
561 6
551 10
601 3
617 4
565 3
531 9
547 6
521 5
585 13
603 4
593 16
579 6
593 4
575 5
591 5
601 10
621 7
555 3
503 17
529 7
549 5
567 5
575 5
555 13
541 10
551 6
537 8
717 4
619 8
651 8
631 9
621 12
579 7
589 11
567 11
607 6
689 11
535 2
617 7
613 12
625 10
561 11
595 7
691 8
561 7
621 13
581 7
599 8
559 2
569 8
619 10
559 4
543 9
553 8
551 9
559 7
551 7
567 8
557 9
565 9
553 8
557 11
547 8
633 4
635 2
643 7
669 12
661 12
697 17
623 6
587 9
581 5
587 7
599 7
569 10
581 11
595 6
515 8
571 6
637 7
513 9
527 10
565 8
563 9
559 9
561 9
697 7
751 6
551 11
727 8
651 11
567 7
619 9
547 11
563 10
523 8
549 11
551 10
517 8
631 6
625 2
619 5
601 5
631 10
629 9
599 9
613 10
609 10
685 6
603 4
593 5
633 1
599 5
589 10
687 10
593 4
613 8
597 9
565 4
601 12
635 5
625 11
615 9
603 8
611 9
617 10
599 11
743 5
581 9
611 3
575 6
613 8
631 8
609 8
613 5
609 6
583 10
597 10
587 8
597 3
591 4
601 10
607 8
613 9
607 8
605 10
651 8
571 5
643 11
665 9
645 4
585 8
679 13
647 1
655 9
625 10
569 3
543 8
569 10
543 8
573 11
611 10
611 9
599 8
587 5
609 9
649 6
699 9
641 3
631 7
675 11
657 10
627 5
625 7
625 10
589 4
637 8
635 9
641 9
623 4
621 2
629 0
623 4
615 9
759 1
605 1
591 2
691 9
673 5
779 7
669 9
677 5
667 8
535 7
587 1
637 10
603 7
643 9
637 5
555 7
727 7
741 3
455 10
767 8
631 9
639 8
631 8
641 8
643 9
675 13
591 5
643 8
629 8
689 11
665 10
577 6
685 10
645 7
529 20
599 4
663 4
659 5
635 7
683 5
529 5
633 10
627 11
623 4
641 10
679 5
633 7
591 9
655 3
673 10
579 6
609 5
687 12
685 10
599 2
691 10
707 10
647 8
645 7
661 11
661 10
663 11
689 10
737 11
645 5
665 6
667 9
687 11
691 10
571 7
537 4
575 10
625 7
651 7
695 13
777 6
705 10
615 5
579 6
613 6
669 10
585 3
599 10
583 8
695 11
603 3
581 8
685 6
805 2
631 10
583 8
519 5
521 4
589 7
573 1
577 6
551 1
593 2
675 10
651 4
623 6
585 8
735 4
709 10
545 4
513 4
529 3
555 1
543 6
697 12
603 12
751 5
557 10
499 12
579 5
609 6
613 5
619 3
619 4
605 4
607 4
607 5
631 10
633 9
617 6
697 9
561 3
573 5
593 1
569 4
587 2
591 2
583 6
605 4
583 6
605 2
551 7
557 1
555 3
725 6
637 10
625 7
743 3
677 4
617 4
625 3
613 7
603 7
607 7
573 3
631 8
633 6
637 9
581 5
619 13
587 8
617 2
547 6
641 12
551 6
581 9
565 8
645 10
575 6
635 1
575 7
529 5
655 5
537 10
563 3
689 9
559 11
719 11
557 6
647 7
767 4
461 12
625 5
623 8
613 3
625 6
641 6
565 1
597 4
599 6
587 4
567 1
569 4
551 3
631 8
617 5
625 5
759 4
719 11
607 3
543 7
555 4
671 7
575 6
579 5
567 3
557 4
591 8
673 4
671 8
575 6
585 8
597 6
563 6
755 8
705 7
707 9
599 7
563 6
665 4
707 11
665 4
699 6
659 6
667 6
669 4
557 4
577 5
551 5
553 6
633 3
625 4
679 3
649 6
595 2
683 6
647 3
637 3
625 2
525 10
557 5
597 8
675 7
719 9
599 2
715 10
647 5
597 5
599 4
511 6
619 4
619 2
625 3
631 2
629 1
557 7
583 5
557 2
621 4
633 3
623 4
665 5
667 8
563 5
561 6
649 6
657 7
615 4
639 3
647 2
733 7
649 2
663 4
695 11
655 8
649 8
671 6
667 6
653 7
663 7
647 6
663 5
669 7
675 6
653 5
659 6
661 4
663 5
683 7
777 7
717 14
731 9
671 7
687 6
715 11
671 8
697 10
713 10
681 9
655 4
711 11
661 6
667 4
675 9
723 10
713 9
663 5
663 6
549 8
643 6
697 7
711 9
721 9
645 8
681 10
675 8
691 7
683 6
675 5
675 7
715 10
613 3
685 7
673 12
763 6
743 14
687 8
763 7
717 7
701 11
675 5
719 8
683 5
725 2
527 3
731 7
803 8
709 9
677 5
693 6
761 4
667 5
767 6
681 7
731 11
727 20
627 7
559 4
745 5
801 6
689 5
759 2
711 14
767 5
685 4
675 5
607 6
701 12
751 7
725 8
731 8
723 8
759 7
729 7
723 10
683 6
683 7
687 7
643 6
709 10
665 9
775 4
707 5
671 10
753 12
715 10
705 4
525 3
689 13
655 7
737 3
777 12
745 4
747 11
733 6
775 12
643 9
689 11
767 7
745 5
721 8
745 6
569 7
779 13
677 7
783 2
505 20
705 12
649 4
777 9
801 13
781 7
679 6
785 8
805 6
727 9
667 3
677 10
735 10
663 10
741 12
791 8
779 7
793 13
733 11
795 12
717 9
623 3
721 3
745 1
697 5
761 1
711 8
803 13
799 10
807 13
683 18
703 8
809 2
805 1
795 11
793 9
803 10
803 11
735 3
771 6
715 8
661 1
793 3
801 8
811 8
743 3
739 10
817 8
805 10
809 15
695 7
583 2
753 5
803 7
697 10
651 4
675 4
815 8
821 14
727 8
677 4
727 1
651 4
667 5
663 5
639 6
707 11
637 5
461 7
505 7
739 10
573 6
663 11
685 8
683 14
639 9
635 10
607 5
621 13
687 13
541 6
569 12
717 6
503 9
497 9
545 14
573 3
579 8
555 13
511 4
527 5
569 2
599 1
469 6
541 3
559 21
519 5
521 7
561 2
725 10
643 10
611 2
593 9
557 6
541 20
693 8
621 22
605 7
541 9
629 7
553 1
671 18
579 5
671 10
545 6
477 15
603 3
525 9
597 8
565 5
803 9
469 9
493 3
747 7
803 9
565 2
755 2
451 10
591 6
645 5
473 4
547 6
617 12
551 4
513 5
767 10
441 13
589 8
653 22
655 9
735 5
703 5
753 1
765 4
713 14
489 7
469 7
491 11
793 12
565 8
591 7
577 9
689 21
655 15
665 14
701 6
705 9
723 9
555 13
533 20
569 6
587 9
571 7
419 6
471 10
515 4
791 4
787 10
637 2
589 15
503 4
535 17
491 10
601 19
509 6
451 7
481 14
625 6
523 11
561 9
445 14
523 15
533 18
495 13
499 5
441 12
785 9
515 3
453 12
447 3
497 6
693 12
553 2
515 7
505 9
535 10
519 9
495 18
587 6
613 10
513 8
479 16
459 7
485 5
521 6
675 20
481 13
533 6
511 7
493 6
567 9
455 12
453 8
449 10
441 5
651 11
451 9
475 7
639 18
467 9
469 10
445 12
525 7
455 12
429 6
463 7
449 6
513 3
561 7
607 6
507 2
439 10
541 8
441 5
421 6
451 11
685 9
429 7
569 2
515 7
453 10
533 7
421 5
575 3
457 7
629 8
449 13
581 13
459 7
453 9
455 8
553 1
581 12
727 6
393 5
473 9
477 9
515 5
505 7
613 21
595 7
595 10
453 8
549 9
509 5
515 5
583 8
427 7
465 7
469 6
447 6
477 6
461 15
473 5
463 10
425 2
505 9
503 15
447 12
445 9
449 9
457 11
453 13
449 6
459 12
461 12
461 6
459 7
457 7
463 13
457 9
467 8
457 8
465 8
467 7
447 8
441 9
565 17
513 4
441 9
543 22
461 9
455 10
453 9
453 10
415 5
453 9
597 4
539 11
443 9
645 12
467 9
571 22
513 8
545 21
455 5
603 6
581 2
575 16
559 17
457 11
453 10
541 9
451 6
525 17
427 8
677 5
467 10
495 7
471 8
695 9
589 8
537 7
513 6
745 9
491 7
765 5
713 9
667 8
589 7
479 7
577 17
737 4
511 6
467 9
473 7
479 3
601 3
517 8
509 7
507 6
527 3
515 2
495 2
481 4
761 4
707 15
591 14
747 3
623 16
719 12
699 17
529 14
561 5
579 14
585 13
683 11
551 6
515 2
493 6
515 6
707 6
517 7
555 4
543 5
529 6
485 2
543 5
543 4
545 4
575 7
543 5
693 5
603 4
543 4
525 5
615 2
633 10
545 4
533 15
575 6
625 6
567 6
535 9
491 5
555 7
691 16
517 9
541 5
505 6
537 7
519 3
573 5
569 4
521 5
525 6
595 7
515 4
517 4
623 4
513 4
509 4
517 4
661 5
509 3
523 12
659 20
551 5
713 12
593 7
487 6
565 16
491 5
557 6
575 2
505 5
515 5
467 7
561 7
495 5
551 4
705 12
595 5
513 5
483 3
493 2
503 9
539 5
513 4
511 5
509 3
511 2
517 4
681 9
781 7
493 6
493 5
707 12
593 4
493 2
493 2
493 1
485 2
689 10
473 9
579 3
561 9
535 21
563 7
617 7
585 8
613 7
577 4
573 8
575 8
561 7
577 8
667 5
713 5
707 12
741 12
617 3
735 14
581 6
619 5
609 1
609 7
585 8
533 7
579 4
629 9
607 8
719 3
685 11
611 5
575 7
557 6
547 4
545 4
551 5
551 5
573 7
559 6
563 7
547 6
543 3
555 6
553 5
621 8
547 12
537 12
493 19
591 5
587 6
583 7
539 8
583 4
533 16
687 11
595 7
725 11
549 1
737 1
625 6
623 8
653 3
527 7
627 4
531 2
581 2
615 4
515 19
581 6
589 6
629 1
569 6
667 16
569 4
669 12
699 9
597 8
541 5
607 6
611 5
617 5
585 1
615 4
621 6
629 7
577 2
573 6
567 3
513 15
523 3
491 15
567 3
565 7
547 7
561 8
585 8
611 9
625 10
581 7
501 15
583 6
585 5
529 6
545 6
591 5
545 7
583 5
601 10
577 11
583 6
577 5
587 10
693 14
583 7
621 6
549 11
501 15
551 10
575 10
535 2
439 9
589 9
573 10
571 8
571 9
563 9
551 19
555 9
547 8
537 8
443 14
513 7
605 6
583 4
623 9
605 6
607 8
615 8
569 7
555 11
517 16
501 20
497 14
575 8
503 15
493 6
439 6
579 8
573 7
529 6
453 13
441 14
519 17
525 6
515 8
511 7
503 19
569 3
535 13
511 10
515 11
515 11
515 13
515 16
419 5
439 5
459 3
593 4
501 13
489 19
505 14
449 11
417 5
463 9
445 4
449 13
427 3
445 11
497 14
463 7
487 18
483 15
511 18
433 3
475 12
491 23
475 19
533 18
423 5
453 14
455 14
437 4
487 17
609 10
483 21
551 8
439 6
483 15
441 23
527 8
415 5
431 8
445 6
451 5
429 2
493 18
507 3
445 9
437 7
441 4
447 14
439 13
445 14
445 4
443 9
439 8
447 17
443 9
425 5
417 2
427 5
441 5
407 3
495 19
495 18
499 8
505 5
529 5
513 1
531 5
511 16
639 21
417 6
535 11
519 15
727 1
567 12
521 22
393 6
531 16
535 18
595 17
557 9
537 19
587 10
521 18
517 16
499 9
541 15
523 16
441 15
523 15
527 8
523 16
563 16
535 3
519 16
469 9
591 17
497 14
541 17
471 13
515 5
461 9
449 12
541 10
457 6
493 14
497 15
589 4
563 18
585 7
585 8
527 17
695 7
799 10
539 18
573 7
543 18
639 12
677 11
795 5
579 9
579 9
585 4
577 7
679 9
665 14
703 8
623 15
663 15
621 15
441 6
495 13
499 13
475 22
467 22
513 7
511 8
511 23
567 12
491 16
503 13
475 23
495 20
485 18
455 14
509 13
515 15
509 16
617 7
493 18
495 7
519 16
523 16
455 21
655 18
803 19
501 19
483 23
499 9
539 7
525 17
467 15
551 5
487 23
483 23
491 23
497 19
577 6
495 19
495 10
497 19
451 22
531 5
457 14
497 14
497 5
511 9
581 4
521 21
473 22
545 13
535 4
481 23
519 17
501 19
489 20
565 9
525 8
505 8
541 8
503 8
501 15
577 4
531 11
589 5
513 17
561 17
537 4
501 9
621 17
531 10
529 11
577 8
805 10
589 8
537 11
509 21
559 9
591 7
523 19
515 19
483 19
491 18
505 19
461 15
453 3
517 21
451 21
449 10
521 12
555 25
439 14
503 15
557 9
453 15
421 7
439 14
457 17
425 1
415 4
507 18
527 19
461 21
581 10
469 19
545 4
547 22
463 22
529 9
465 20
493 21
469 16
435 4
781 8
419 5
449 2
427 8
499 16
549 4
455 20
455 18
447 15
455 14
507 19
507 19
471 14
453 15
461 17
505 20
773 6
463 18
553 25
457 20
457 16
463 17
517 20
425 4
567 23
675 12
561 24
497 18
583 12
451 21
513 19
515 21
523 17
473 13
523 19
515 17
505 16
485 14
515 21
473 13
493 22
497 22
489 23
499 21
507 20
525 17
549 16
529 11
577 5
525 10
491 22
497 16
529 11
575 14
611 17
557 13
583 11
585 6
553 16
579 9
527 11
537 11
587 6
591 13
449 8
737 6
583 18
591 6
799 9
581 8
445 5
467 12
805 5
463 11
539 16
769 5
593 22
579 20
583 7
399 4
471 13
469 12
423 5
425 6
483 13
475 12
487 14
475 11
471 9
463 10
463 8
465 8
461 8
475 11
481 11
517 15
431 3
459 9
453 7
455 7
455 6
455 6
453 6
423 4
447 8
417 5
471 10
677 11
429 5
427 1
425 2
427 4
431 3
449 6
423 6
427 1
427 5
433 3
457 7
461 5
429 1
511 18
551 4
427 3
459 8
435 3
445 9
445 6
437 5
441 5
693 9
523 18
549 9
551 8
423 4
445 3
425 4
571 4
495 18
429 5
721 9
417 6
419 3
457 6
463 6
489 8
419 3
417 4
461 7
535 17
633 13
431 1
425 2
425 2
417 7
425 5
427 5
513 14
419 1
425 2
615 7
523 8
537 20
541 8
443 4
439 2
431 0
441 2
429 2
421 2
417 2
419 3
423 1
423 2
447 17
449 15
433 10
427 7
435 13
445 16
427 8
429 9
441 13
449 17
435 14
437 13
425 8
439 15
435 12
427 10
433 12
429 11
427 9
431 11
445 15
437 12
421 2
425 4
499 13
445 13
423 1
419 0
419 0
663 6
665 6
433 3
463 9
455 0
479 10
581 20
559 15
439 5
419 1
433 8
439 7
431 6
455 10
463 12
465 12
459 12
457 11
531 10
495 13
447 9
795 11
443 5
423 1
447 13
451 9
461 8
455 8
463 9
433 8
423 2
427 2
427 2
443 8
431 4
433 4
437 4
435 5
441 4
443 5
443 7
437 6
447 7
443 5
443 6
449 6
447 7
429 4
423 3
425 1
425 1
421 1
423 2
425 1
427 4
445 12
575 21
505 12
571 13
439 7
447 11
447 11
441 5
525 21
639 21
565 16
521 9
489 11
445 6
631 20
441 6
513 16
749 4
471 7
561 17
551 20
447 10
445 10
443 9
441 7
445 8
441 8
443 7
433 7
525 19
463 11
527 8
451 6
523 19
517 13
615 20
421 4
509 13
451 8
513 18
419 5
457 9
563 4
465 10
547 23
433 8
513 22
613 14
551 6
469 14
525 17
493 13
519 12
555 2
543 19
551 22
441 6
469 13
561 9
641 18
505 20
541 23
539 6
535 6
499 15
501 10
579 4
611 8
449 3
533 18
543 3
791 3
549 22
785 4
767 2
547 10
805 6
615 11
559 17
505 6
453 8
537 7
557 9
531 21
607 6
543 9
745 5
549 9
595 5
565 24
565 24
531 4
551 9
561 16
639 20
503 17
589 19
601 22
615 20
583 14
567 20
561 18
543 21
501 17
567 17
571 17
719 6
679 7
525 8
641 22
569 17
563 19
581 18
577 17
567 21
559 17
587 23
571 17
723 9
549 10
595 17
555 15
567 16
569 17
549 9
565 16
561 16
645 10
641 10
551 10
541 8
591 13
457 3
617 12
447 3
675 20
467 7
453 3
447 14
581 17
641 21
445 10
561 2
429 7
469 13
417 6
441 5
519 18
425 7
445 5
439 3
501 19
709 7
441 7
433 10
457 8
451 6
455 4
443 9
429 4
455 4
457 11
411 1
407 1
503 23
445 3
417 8
591 16
561 9
465 12
441 2
459 1
589 8
425 4
491 9
553 7
425 4
403 4
411 3
455 10
457 11
509 18
395 6
451 11
439 11
423 7
445 9
451 9
449 6
445 0
421 3
421 4
443 7
457 2
437 1
425 3
447 5
425 3
441 5
419 1
561 16
519 18
451 1
437 1
499 4
419 7
419 7
411 5
415 6
509 1
489 6
613 6
583 13
611 21
427 6
405 4
545 9
411 2
533 7
395 6
473 12
497 11
725 6
479 13
465 4
401 3
427 2
447 4
427 2
425 2
401 5
427 2
415 2
441 3
459 8
433 4
433 10
413 2
443 3
451 1
417 4
453 1
455 10
421 3
423 4
439 3
439 3
433 3
439 2
431 3
539 19
539 20
459 8
639 9
441 2
589 7
589 9
465 5
455 3
427 8
441 6
495 7
441 3
447 3
431 8
505 24
437 10
407 6
559 9
417 6
413 6
405 8
405 7
411 6
411 6
433 6
463 2
445 4
447 6
533 4
447 11
589 8
457 11
643 7
429 8
463 6
469 10
467 8
451 5
433 7
591 1
547 20
463 3
465 2
549 21
463 3
461 8
473 9
499 7
463 5
461 4
453 5
463 10
457 6
717 5
509 17
591 5
527 20
457 11
461 12
441 9
525 17
473 11
535 5
525 6
453 6
469 5
647 8
461 5
469 11
469 2
467 6
471 9
611 17
675 6
745 3
477 15
521 8
483 12
471 9
523 18
567 10
619 17
519 18
495 22
479 11
593 8
529 20
463 11
751 3
467 13
481 16
479 11
605 4
567 17
503 22
541 5
517 9
507 14
525 12
461 9
549 9
529 19
597 16
511 2
651 9
689 15
601 18
639 11
573 8
541 1
547 10
623 13
537 2
785 6
551 9
535 15
541 9
553 7
741 4
585 4
463 11
671 13
535 17
593 17
579 9
705 7
531 5
573 7
511 10
593 15
553 8
559 6
547 8
549 9
531 11
539 13
553 6
555 15
625 23
567 14
575 7
561 3
677 14
559 13
717 15
637 9
669 22
551 10
575 15
667 14
583 1
587 3
731 8
743 2
575 8
667 4
591 10
677 11
603 15
671 3
567 4
631 16
621 14
625 16
559 8
743 1
581 6
571 5
585 13
573 16
541 20
629 16
807 7
721 6
603 17
561 21
687 15
555 10
567 21
747 16
747 1
627 10
631 15
589 15
575 5
467 11
591 6
619 5
563 1
603 27
689 8
797 7
579 2
753 8
657 22
651 19
623 20
549 9
551 10
575 12
611 19
585 4
597 17
677 10
765 3
651 19
639 20
661 22
617 18
689 11
547 10
563 12
613 19
793 10
579 9
625 16
563 1
545 21
761 3
577 10
553 21
787 11
579 11
769 6
559 10
549 16
587 22
681 19
611 21
645 9
721 16
771 9
549 8
549 9
557 11
579 6
759 5
655 16
651 5
621 8
653 4
667 12
681 12
685 19
647 16
571 22
769 3
665 14
665 11
609 3
639 6
801 8
657 13
569 1
615 9
673 5
589 14
783 7
637 16
613 15
621 15
627 16
569 17
727 7
743 11
557 11
597 18
747 16
647 7
731 8
641 6
697 4
641 18
793 9
629 10
555 9
617 26
591 8
643 12
801 6
567 14
761 3
597 7
551 10
595 16
555 8
509 16
617 13
615 10
683 10
615 21
589 17
633 20
691 8
581 17
631 23
677 12
685 12
789 4
741 3
695 6
571 16
579 16
613 21
605 9
607 20
609 20
601 18
577 18
565 15
567 13
597 18
557 12
587 17
601 24
601 11
599 23
585 18
571 17
591 17
559 11
561 14
585 17
565 15
589 17
605 11
635 17
603 10
633 17
641 21
709 4
681 5
629 10
613 10
641 17
635 18
609 10
631 16
709 5
607 9
495 0
595 5
609 10
687 9
799 6
617 15
651 20
659 20
695 19
671 22
633 20
601 10
627 21
723 6
723 13
487 2
759 3
767 3
759 2
667 5
767 7
743 3
685 21
683 15
689 6
651 3
695 18
629 19
647 9
657 10
689 13
741 10
721 9
649 22
655 23
645 21
617 20
601 14
763 2
641 7
587 18
807 11
651 9
733 10
677 19
695 7
639 20
639 8
709 14
771 8
767 6
705 9
681 7
669 11
631 16
681 11
673 21
657 22
733 12
743 7
659 4
475 8
647 12
705 3
767 4
719 6
663 4
701 15
669 11
657 8
733 4
697 15
709 8
703 3
711 4
503 5
559 19
633 20
747 5
645 16
705 12
571 3
713 16
623 11
729 6
621 19
631 2
713 16
705 18
715 15
729 12
759 5
605 10
599 7
675 15
491 4
745 14
741 14
751 9
749 8
747 5
643 2
695 16
663 6
631 11
639 19
723 8
729 9
713 3
717 5
741 4
697 18
751 7
741 3
727 4
639 5
731 1
741 8
731 2
709 2
759 2
761 10
725 8
723 1
765 6
759 0
705 20
585 4
653 18
585 9
699 12
665 4
621 19
653 17
657 4
641 11
613 6
595 8
633 10
653 7
739 11
635 8
603 19
685 9
675 20
695 4
639 6
533 3
565 6
603 9
589 3
455 7
593 4
627 2
647 7
653 21
473 11
469 12
705 4
639 3
593 13
649 8
617 18
521 6
571 17
595 9
571 8
579 2
613 10
627 18
811 8
601 9
617 11
501 2
453 6
639 6
629 7
591 5
623 9
609 10
627 11
607 17
571 8
587 5
593 1
591 9
663 6
775 3
615 18
609 17
645 21
467 13
717 14
449 9
439 9
577 2
523 1
715 7
615 5
631 10
623 11
525 3
619 18
699 12
663 4
587 4
601 5
693 14
601 10
663 8
621 9
603 6
659 7
559 5
609 6
663 15
585 13
605 15
473 4
503 9
519 2
683 15
669 15
507 1
593 6
647 3
655 13
677 14
489 9
635 4
653 14
659 14
705 14
653 4
695 4
685 2
699 14
713 16
605 8
579 5
645 11
577 4
493 4
645 15
479 9
555 7
585 4
641 10
583 2
711 7
599 8
645 18
645 7
503 7
497 6
489 9
499 7
593 20
559 19
565 7
519 6
511 6
511 5
459 12
543 3
543 4
551 4
561 4
557 19
667 8
661 12
549 10
521 4
543 4
493 5
533 4
555 2
563 21
557 5
589 7
573 5
475 10
649 12
603 13
449 7
595 14
589 7
567 7
573 8
581 6
615 2
595 2
621 3
637 2
657 9
645 15
605 2
715 9
735 10
697 17
719 12
527 7
611 1
601 4
585 7
673 8
697 12
675 14
661 6
685 5
713 7
707 9
685 6
735 15
725 15
719 7
701 4
697 15
623 5
635 5
683 11
629 5
605 8
711 16
609 3
695 13
681 12
727 4
719 10
669 4
635 8
713 8
727 8
735 6
705 9
661 7
631 6
693 5
667 6
679 7
669 6
623 12
567 8
571 8
575 8
677 13
671 14
603 8
481 7
487 7
517 4
441 7
465 8
471 5
475 4
455 7
443 9
471 4
451 7
457 7
467 4
477 3
457 6
471 4
451 12
475 1
479 3
479 1
475 2
489 2
491 6
449 11
461 7
457 11
461 12
459 11
599 4
767 5
539 2
599 13
671 11
561 10
591 6
631 5
569 3
553 11
599 5
595 6
629 15
571 7
579 5
585 13
577 3
805 12
591 6
589 7
589 4
595 5
601 11
599 4
583 6
663 15
633 10
575 13
603 3
663 15
587 15
711 6
693 10
639 15
587 13
553 3
571 12
539 2
553 10
731 15
609 11
703 13
621 19
617 6
609 5
657 11
703 9
625 9
649 9
611 13
665 7
697 17
631 12
679 12
671 9
675 8
679 15
649 15
631 13
663 10
641 13
665 9
687 12
619 12
625 6
701 11
679 13
689 9
653 14
661 6
661 15
661 7
659 10
643 14
661 10
589 5
585 7
581 8
583 4
587 3
587 3
591 3
799 8
785 4
795 15
787 10
807 11
773 3
735 14
757 2
761 3
759 7
809 14
755 13
803 12
803 10
745 4
783 9
725 18
729 5
733 5
743 5
715 3
725 8
803 10
769 4
771 5
689 14
755 4
753 3
761 5
707 18
717 17
755 4
687 4
579 6
717 16
731 4
697 8
711 5
767 3
763 5
717 6
697 10
671 14
769 4
735 7
765 6
747 4
663 8
759 6
703 14
767 9
759 9
699 8
579 9
737 8
787 7
805 7
809 14
807 7
809 14
803 18
807 20
785 6
787 6
791 2
795 1
739 11
723 10
719 5
695 9
689 12
685 11
681 11
755 2
681 9
705 10
711 10
707 12
691 9
729 4
745 3
719 7
721 8
549 17
715 13
731 12
679 11
731 5
699 14
635 1
551 16
763 3
749 2
661 15
743 11
739 3
717 11
603 11
719 7
717 9
735 3
757 4
613 13
749 16
743 8
723 8
725 12
713 14
675 14
603 7
713 11
715 11
713 12
709 6
689 4
711 5
711 11
717 9
639 1
655 5
729 1
735 2
729 11
577 13
605 3
665 6
721 10
731 7
725 8
545 7
637 5
677 6
733 6
731 3
647 2
755 6
633 12
673 18
721 1
695 13
713 6
719 14
719 7
663 11
739 8
719 6
719 9
737 6
763 4
731 9
735 7
715 6
711 5
713 7
709 8
743 6
735 6
761 2
753 2
725 14
739 2
737 4
745 3
697 20
715 15
713 15
717 13
749 6
745 3
723 7
733 7
743 5
713 12
701 3
723 6
771 8
755 6
747 5
721 5
717 3
619 4
673 7
677 14
645 7
661 3
645 6
653 4
657 12
673 11
629 8
685 4
617 8
679 6
657 9
627 5
661 4
657 13
659 13
665 1
659 9
607 3
703 14
663 3
669 4
597 12
653 8
657 7
615 3
691 14
677 3
697 10
663 9
615 1
651 3
661 13
693 15
649 3
627 13
619 12
645 4
649 1
591 3
609 13
541 4
545 15
553 11
517 9
633 8
527 15
707 6
521 8
577 3
519 4
557 10
687 7
661 7
589 6
659 9
507 7
579 10
665 7
567 15
607 10
575 1
565 13
563 16
553 2
649 9
625 9
649 1
697 3
643 4
607 3
593 9
643 2
511 6
557 7
603 5
589 3
537 9
669 8
545 5
567 10
613 2
561 9
551 6
645 3
561 4
601 2
567 1
599 6
599 4
579 5
525 9
533 8
633 1
541 7
569 15
597 6
527 8
503 8
643 1
621 5
611 4
565 2
587 13
553 4
539 8
671 5
575 5
503 8
561 6
635 1
575 15
577 6
645 5
605 1
659 5
627 4
603 3
577 13
587 5
599 2
579 14
655 7
549 8
703 5
703 13
693 4
645 9
631 5
637 3
671 10
671 11
611 1
665 7
603 4
609 2
657 7
637 3
651 8
641 2
577 4
667 12
693 6
699 11
699 12
699 6
651 4
545 9
699 1
711 5
711 3
707 14
649 6
611 3
683 8
599 4
693 6
621 2
593 5
669 4
707 5
609 3
671 16
649 7
645 5
631 5
647 4
697 9
597 7
657 5
647 5
661 2
661 8
601 4
623 4
667 5
673 7
653 5
675 13
657 3
659 5
685 4
619 4
623 2
657 5
547 7
667 3
677 7
677 9
653 8
675 9
705 4
693 15
701 5
637 4
645 6
673 5
675 5
633 4
647 3
673 7
675 5
675 4
591 5
621 3
697 5
693 4
615 2
591 7
697 4
699 4
693 6
705 7
691 4
721 4
673 3
655 4
679 6
633 3
649 2
707 5
705 11
695 4
691 4
707 8
715 10
715 8
705 5
669 6
643 4
711 7
707 6
597 7
631 3
557 4
665 7
515 7
551 10
583 5
599 2
593 1
579 6
585 7
687 8
693 7
703 6
695 2
709 7
681 3
697 6
677 5
683 6
709 7
681 6
633 9
647 2
641 4
589 4
595 8
601 5
607 5
593 7
599 7
613 3
609 5
645 4
597 6
541 4
529 6
599 2
593 2
599 2
663 7
625 2
661 5
591 4
611 5
609 4
537 7
491 9
567 3
531 6
577 6
621 2
565 5
601 3
553 2
649 0
577 3
661 6
635 6
629 4
643 3
623 1
613 3
619 1
631 2
569 5
567 6
539 9
543 7
547 5
591 4
523 6
519 7
517 10
531 4
545 5
545 3
551 2
531 6
509 8
519 6
537 6
521 6
521 9
521 6
549 10
541 2
535 4
547 0
545 5
529 17
525 18
625 1
603 4
543 9
549 8
521 7
523 4
541 10
529 7
545 4
543 2
535 5
535 3
553 9
527 14
515 12
517 9
525 6
555 3
523 6
529 5
551 1
551 2
543 2
535 3
545 6
527 6
523 3
529 10
555 6
531 5
653 3
567 5
531 4
581 2
513 7
555 3
515 7
521 6
543 6
541 7
533 6
561 5
519 5
561 5
581 6
649 2
565 1
563 6
661 5
589 2
531 5
525 7
611 6
533 5
647 7
541 4
559 2
547 7
583 3
561 7
555 5
529 7
539 4
555 5
551 2
585 4
555 5
579 5
529 7
575 6
591 3
589 3
573 3
551 6
655 7
599 3
517 8
517 7
501 9
641 3
665 5
639 1
623 2
529 7
529 7
535 6
567 8
581 3
551 2
547 5
551 6
529 6
531 7
527 6
533 6
533 7
541 8
539 8
551 9
531 9
551 8
537 6
537 6
539 6
537 8
531 5
529 5
527 8
531 8
539 6
529 6
525 7
525 7
565 9
543 8
553 6
559 8
561 9
559 6
565 9
555 8
553 6
