473 679
523 572
495 1671
715 677
567 823
461 818
419 1264
451 901
577 1156
567 441
543 1002
459 802
621 318
611 800
519 1373
427 1692
553 583
573 1873
603 340
725 704
635 792
591 787
595 198
493 612
583 739
683 795
685 1407
581 505
569 1423
489 92
557 1124
627 496
675 1067
633 1576
689 1164
621 552
697 1725
785 585
495 600
641 1014
497 1589
639 679
619 357
635 239
583 618
603 965
585 615
753 734
785 569
673 336
543 928
413 1711
479 1570
601 754
595 900
621 414
577 1395
649 299
657 1062
755 216
677 1393
609 833
679 1083
513 1491
619 228
423 2011
519 1271
647 917
623 583
621 854
549 763
717 878
757 1199
501 2419
561 716
701 615
583 220
703 182
743 1281
609 774
599 832
567 1451
425 266
623 381
683 710
547 1415
637 1037
759 1082
581 489
663 946
657 776
489 683
547 1043
583 1283
657 988
591 1155
461 776
419 1741
621 189
653 372
569 971
703 918
591 851
591 154
607 913
565 882
701 270
643 347
571 521
585 499
651 970
651 705
711 714
621 269
779 758
537 1792
667 1102
647 662
587 447
611 770
497 925
487 793
593 286
399 1743
609 1083
473 1168
565 1063
535 868
687 168
585 473
573 285
425 2021
643 368
661 605
623 863
423 277
561 665
625 2007
627 275
575 576
551 869
559 789
725 1678
465 898
555 445
711 422
547 986
551 457
579 767
645 508
599 934
531 637
449 1008
667 839
431 309
603 611
703 1762
577 816
679 1007
465 1863
641 732
613 729
501 1098
545 882
627 790
663 228
609 204
581 1284
629 1230
633 684
505 320
575 774
629 361
595 399
577 1180
589 234
457 838
673 1485
577 300
635 979
683 870
663 1320
489 259
577 666
471 778
633 936
553 151
711 505
675 1108
555 280
757 832
585 448
665 577
605 354
473 622
635 1143
609 698
599 856
495 425
621 190
663 146
471 1418
625 878
627 524
519 990
511 1419
683 362
559 539
417 45
527 961
499 802
543 180
569 795
609 656
507 1181
493 1439
553 1058
627 259
443 1179
627 1811
539 1699
455 685
567 1355
463 1328
633 579
511 1311
565 688
579 241
625 741
493 716
525 884
631 1221
479 643
605 790
657 916
555 830
587 1196
505 1866
461 923
479 1150
645 1392
527 829
645 778
577 143
619 608
519 849
723 1474
613 1273
485 565
647 685
619 313
567 633
625 172
551 174
455 861
745 586
613 835
487 1638
549 2199
453 1310
609 1112
405 1890
553 680
727 589
527 1144
607 1864
649 1239
705 616
481 538
457 947
603 847
611 881
613 692
669 487
587 1022
785 785
687 1493
613 1068
607 716
671 1563
499 703
437 1128
641 1569
673 1025
425 619
623 809
593 585
565 310
607 724
683 597
569 643
659 303
655 555
623 654
545 463
655 1893
721 906
659 355
463 292
777 992
549 658
497 593
417 1338
433 1158
743 702
629 102
627 100
573 270
695 1609
453 932
519 1207
761 988
695 1625
753 825
643 279
545 1699
753 589
581 188
521 1104
545 551
589 513
647 978
635 529
559 1275
653 1422
641 1228
493 290
563 59
761 526
575 992
607 323
561 866
639 256
521 258
515 624
679 1453
691 686
679 1220
623 1262
645 718
547 708
699 1225
551 573
633 631
677 588
585 328
547 668
637 674
655 395
539 179
585 1804
643 1069
643 313
647 854
603 652
613 231
577 437
537 906
703 1188
617 1224
591 576
503 891
761 204
541 1391
595 733
565 631
711 698
595 164
711 485
603 1017
655 1654
751 1722
671 619
637 1061
615 273
749 1287
653 626
643 1099
795 960
805 844
665 1240
569 140
541 720
643 1517
609 694
601 764
633 92
549 565
657 1328
665 655
607 1492
573 999
555 587
559 245
561 1243
631 1127
561 763
569 700
587 1133
601 2294
507 624
597 2302
615 1315
531 455
673 1243
521 1000
615 451
543 745
677 406
445 550
599 195
501 1540
525 499
543 2257
675 629
557 1196
515 455
677 852
649 1070
463 1841
573 677
751 375
501 944
637 902
657 698
603 850
681 354
559 1887
657 438
755 1627
425 69
555 1268
651 1013
729 292
635 707
599 2001
417 93
493 301
659 1686
689 1275
531 2067
601 755
569 855
547 299
539 1171
547 1360
643 1393
577 1528
561 1400
587 951
673 1167
747 687
693 492
507 1628
515 1042
677 1210
703 254
645 1049
615 1023
425 605
625 250
671 1439
617 697
471 924
633 2049
699 1317
527 2193
657 1342
429 810
443 829
727 290
799 1215
583 1578
587 582
685 653
685 1436
669 849
591 1235
667 408
691 1233
755 807
459 1203
445 381
601 465
579 872
803 1205
759 1265
697 1167
723 1119
705 1237
613 461
671 328
617 552
669 1570
593 643
615 944
649 1837
565 441
623 709
733 171
543 1792
535 1247
657 1151
471 213
699 1657
475 1357
689 195
633 1853
631 691
679 317
605 898
553 666
765 969
509 261
637 232
593 682
469 1162
567 560
611 938
593 555
591 411
529 2088
719 1105
803 1440
519 854
517 1538
541 2066
523 1711
537 544
731 1647
649 945
617 314
575 877
565 626
665 567
673 989
629 688
555 1141
629 518
581 299
567 1130
679 1555
581 375
615 261
601 228
493 405
615 795
561 826
495 1151
655 1052
571 658
675 1216
471 2418
643 337
625 444
541 1428
745 607
541 458
591 915
609 1015
661 1893
717 390
591 696
447 1151
557 1014
493 1592
595 1021
583 260
617 487
623 1484
579 813
525 1541
537 780
675 674
635 228
525 1053
589 885
547 493
769 1208
617 1317
621 646
487 663
723 1067
643 1101
695 686
543 1074
511 1978
453 492
597 658
597 752
511 95
657 296
521 893
479 436
523 505
631 516
511 652
747 248
663 964
589 578
617 1308
661 771
677 1368
443 946
647 670
595 379
791 1242
771 1229
543 613
585 678
557 890
601 1426
699 906
619 229
575 376
747 869
703 1661
721 206
733 564
751 711
565 1584
591 979
503 1570
625 746
433 785
639 1113
643 97
583 298
619 1356
555 1927
497 2258
645 1047
477 425
585 840
683 535
685 719
517 715
605 527
627 370
621 1074
687 551
627 466
599 352
525 595
641 1002
659 488
639 943
621 302
769 1109
605 838
659 829
541 1056
689 1242
449 1276
685 1166
655 1108
649 474
627 925
449 1521
487 322
753 1352
559 403
653 1045
467 921
597 616
653 1883
575 1231
759 761
661 756
507 643
643 1123
533 548
631 1184
663 1004
739 1150
545 723
617 580
519 1227
517 79
525 1039
547 1425
519 678
533 1279
601 255
501 629
517 614
581 860
481 547
587 618
629 785
627 377
607 436
613 518
659 1058
647 483
665 1300
679 1504
589 520
691 877
669 642
549 423
717 313
587 909
533 630
495 1566
611 269
555 235
617 881
669 736
623 582
683 1081
587 827
807 1784
541 363
619 786
669 668
603 213
615 968
597 189
535 424
703 1175
609 1484
437 429
625 450
755 898
599 2287
677 394
633 734
699 605
769 714
637 256
605 726
557 206
649 649
431 231
655 861
661 1012
673 1100
399 549
533 757
557 382
599 1550
427 626
605 931
521 347
591 547
583 691
421 339
609 762
615 1868
513 1625
545 681
621 1502
665 597
599 508
581 1433
511 424
601 410
629 175
527 376
423 1738
527 514
627 285
525 273
645 1282
639 765
525 1074
629 280
585 515
627 644
587 294
535 775
699 1292
761 697
607 1143
575 1168
465 318
447 1607
565 349
659 1240
707 879
589 387
449 1054
613 843
447 1189
537 725
401 539
451 515
639 1117
589 1307
575 438
583 690
479 210
605 201
593 1132
529 437
537 554
449 1484
633 587
657 1362
685 835
649 662
551 2236
451 637
687 266
737 733
613 1440
537 549
731 337
583 1193
503 265
717 684
453 1008
461 876
655 1244
485 1234
441 766
447 320
601 1899
631 721
529 1286
435 300
707 942
439 1134
417 467
441 827
623 888
585 535
579 1116
479 248
417 572
719 1219
509 1154
671 1108
663 1133
573 218
565 1950
559 1568
611 853
529 871
447 749
419 87
759 748
475 1085
705 624
495 342
487 227
531 409
595 395
565 2207
685 1044
707 735
675 450
675 677
669 456
497 324
691 655
641 293
595 904
457 1685
687 234
705 1354
631 997
587 1344
547 1459
491 1175
701 1402
737 1300
603 2076
705 205
527 616
421 134
465 861
483 794
573 191
533 526
607 2273
523 515
673 248
539 560
619 1250
465 2395
645 784
489 314
501 737
637 246
551 1500
651 722
431 407
453 1121
591 377
571 336
625 1464
473 1428
469 1178
445 944
447 751
631 377
619 745
557 1074
621 2256
655 316
547 478
617 349
747 1046
449 800
611 478
429 793
567 857
599 468
493 368
473 2269
581 630
643 548
565 409
451 1141
525 1204
631 340
627 389
667 1190
669 353
685 913
527 1694
485 92
649 894
493 752
579 1954
701 674
609 407
637 230
617 827
749 711
747 759
405 572
573 419
693 1189
683 1435
741 410
691 1335
519 1121
453 869
593 197
523 1940
639 995
517 1947
741 552
591 536
645 752
591 2048
691 597
525 1416
641 957
565 1105
445 1292
619 397
479 391
523 784
757 870
641 500
591 560
549 189
645 1410
457 983
495 731
685 502
577 620
465 1880
649 230
751 719
567 776
599 2196
537 737
635 660
515 1513
601 1167
651 283
507 462
497 463
519 317
547 899
493 907
723 814
701 445
593 1651
669 901
627 885
605 492
659 1658
555 861
623 797
667 243
699 1037
563 1615
675 1381
659 269
577 958
557 704
657 462
653 654
689 1320
709 985
653 792
737 288
675 463
689 559
705 523
771 612
707 874
711 135
627 770
693 736
591 566
707 135
717 568
651 294
629 279
629 871
541 739
581 259
517 629
609 374
667 850
671 926
643 514
545 784
683 554
565 428
609 958
637 939
699 647
431 2006
527 1434
581 807
509 664
625 253
679 930
615 210
517 1327
511 692
659 529
569 411
599 388
705 838
637 1191
613 767
575 1510
487 583
627 497
593 451
581 460
731 511
767 387
629 362
637 738
645 640
625 754
551 973
615 585
699 942
735 1168
649 785
611 624
623 1314
739 624
711 496
605 536
743 359
661 721
659 932
711 970
693 852
621 688
645 288
451 993
571 430
431 1283
443 1200
437 1277
555 322
483 1672
683 438
445 1087
463 762
465 938
437 1221
567 1096
449 1942
615 1193
639 724
457 822
651 860
447 1093
607 718
411 1400
427 1466
533 1580
593 670
405 1684
543 1759
399 1721
397 1807
573 595
465 1257
441 1548
547 1616
669 951
447 1554
419 1488
591 821
655 424
609 393
671 898
651 606
613 676
583 680
661 979
557 778
589 1022
461 979
465 891
495 1376
641 968
521 267
561 495
545 1264
581 679
603 389
527 1392
601 1129
553 247
471 624
571 276
475 682
659 905
579 985
585 464
675 463
453 898
609 611
567 533
505 615
485 555
777 966
577 446
565 456
451 882
711 1533
495 571
569 1026
505 306
489 445
611 584
495 638
611 545
615 483
489 267
487 429
603 1003
657 240
485 555
479 781
719 756
627 654
719 703
579 1027
471 1722
461 1674
637 811
445 1593
475 848
485 804
493 742
499 697
501 673
529 1031
587 370
535 249
537 650
555 1068
493 824
543 1507
519 1024
561 1612
587 1005
653 498
581 399
501 183
629 1090
637 750
587 486
497 353
603 559
503 1348
561 216
493 440
501 290
491 372
459 722
629 442
603 560
597 268
667 1909
475 577
639 342
473 776
619 507
533 178
677 962
487 547
675 1140
587 1036
799 1087
493 907
633 439
659 1424
495 319
577 226
581 882
681 1358
493 662
667 995
625 310
649 618
499 407
493 727
507 972
507 990
693 695
511 255
513 260
489 507
491 454
489 497
481 528
483 481
591 1041
539 592
565 1331
563 1063
623 535
695 482
631 947
585 936
589 962
665 797
697 578
749 723
661 514
625 871
567 417
627 476
509 622
643 956
607 399
657 348
619 1037
569 1410
615 532
653 300
585 416
627 323
515 877
525 779
487 1761
489 1565
589 688
539 819
471 1295
589 565
537 762
505 1525
669 1101
685 551
603 2096
765 333
647 862
695 263
555 755
511 244
671 976
793 728
733 935
723 496
693 204
607 478
531 817
655 697
613 1205
601 854
565 1103
657 881
579 723
591 496
595 39
613 918
587 1658
469 1379
631 926
627 950
569 772
601 827
577 580
733 397
621 393
683 1059
631 1669
579 1118
649 1039
719 1029
719 1056
531 1067
639 795
581 410
531 1106
557 731
647 224
637 542
543 816
657 1317
641 876
709 684
647 555
707 833
631 1171
617 480
655 281
597 818
693 585
579 1018
545 983
619 566
621 790
701 788
683 469
629 382
589 627
597 968
613 1042
589 951
615 1129
617 1109
641 965
641 1138
625 463
711 259
721 440
725 832
713 1192
627 382
643 274
605 894
633 1392
653 281
551 1437
643 239
593 1237
551 1121
529 1230
679 1604
635 641
563 1184
693 621
537 1087
639 593
597 1001
643 304
623 690
601 647
527 1833
595 594
619 986
557 664
525 674
647 251
627 695
635 481
563 1200
573 568
641 873
571 1290
645 168
587 631
631 442
639 371
597 598
683 814
655 226
689 1166
613 837
489 1061
725 1086
601 1177
619 962
495 856
657 444
517 1861
641 952
629 209
593 749
533 444
621 345
599 1261
607 1254
607 405
613 807
613 791
701 544
595 1223
563 1213
539 656
585 1161
525 1766
593 466
529 517
531 1664
555 704
595 504
615 441
615 696
563 759
571 1486
641 512
611 270
685 820
685 847
623 289
613 601
639 271
625 234
629 653
639 644
625 701
587 997
591 1030
609 674
641 291
573 760
615 684
637 926
691 570
645 810
631 973
705 240
657 331
571 768
649 853
607 889
603 949
523 794
679 1108
631 608
645 1052
655 484
609 456
629 244
665 527
685 523
725 859
655 678
753 1184
611 731
533 1894
649 166
663 739
621 264
693 541
523 1122
693 1112
737 601
735 765
637 675
639 211
517 1779
625 1141
639 698
491 946
635 548
549 463
715 843
649 926
771 1459
619 470
507 806
487 1010
649 383
615 270
617 767
639 813
653 655
657 588
619 440
571 784
577 863
637 964
647 726
587 408
653 640
719 664
639 642
621 486
617 375
595 433
621 233
635 826
605 418
623 525
611 804
587 1509
799 1027
669 468
731 389
709 1063
627 333
621 463
619 378
617 566
617 462
623 377
697 538
631 488
609 437
651 1324
621 457
631 270
661 1138
609 482
613 1322
621 575
619 600
593 547
619 231
611 174
625 1293
637 539
609 868
627 1214
605 373
607 697
609 864
613 563
611 536
613 396
583 684
597 456
683 493
611 542
671 731
655 802
681 534
613 759
615 622
663 724
527 1420
573 1244
669 790
555 1172
409 1995
631 257
511 973
613 481
597 842
591 855
577 1281
657 972
629 543
623 833
657 859
599 566
525 1758
643 797
689 1363
621 282
515 1728
579 547
631 742
621 407
607 1328
641 368
605 1299
633 1347
587 1183
697 248
643 1172
629 685
639 510
671 1060
615 1178
607 774
631 244
601 1247
661 1134
649 711
543 1863
661 444
637 1168
665 1088
641 767
609 448
615 353
619 562
637 677
631 739
653 320
625 364
633 663
625 455
629 792
687 1033
617 853
629 852
657 1129
647 1217
645 1180
639 863
623 660
619 921
625 676
667 908
615 1046
633 521
617 958
585 244
605 1427
637 758
625 520
621 652
623 558
639 1153
653 1082
593 568
619 1162
657 1209
459 1946
631 1249
573 750
595 1070
527 1623
601 1361
615 1467
655 820
563 463
597 489
627 1326
621 1239
675 1028
535 861
591 1434
497 1181
529 566
583 325
629 1181
511 799
583 165
523 1392
645 1254
653 1157
653 1201
661 1076
665 1169
663 1033
657 1242
615 562
637 1192
645 345
655 1185
661 1005
521 1085
629 1037
637 842
407 1942
409 1673
529 1376
519 1727
407 1562
615 684
615 589
643 379
623 736
569 923
627 747
641 892
603 290
523 1042
507 1412
515 1814
631 849
629 834
561 1429
513 1436
555 1084
611 371
427 1924
587 474
673 1472
537 945
565 610
475 1867
657 585
595 1046
527 1540
681 276
521 1345
567 241
545 1765
533 1801
549 1726
617 787
537 635
499 1351
603 580
657 188
525 1312
521 1404
587 949
613 302
627 929
561 1171
553 1224
579 466
591 590
575 355
451 1813
693 406
697 812
655 797
489 1555
583 1398
645 750
421 1911
411 1496
567 634
559 1141
543 1379
583 700
615 967
505 1143
555 1068
521 1866
471 1201
425 1882
423 2013
623 654
635 775
459 1607
507 1326
737 616
747 1680
405 1590
641 427
665 889
671 578
477 1706
533 1792
603 583
425 1969
691 503
667 330
613 292
665 332
689 615
689 562
469 1488
545 678
587 400
589 651
585 421
681 1057
527 522
483 1725
485 1667
523 851
487 1701
495 1644
589 1104
495 1093
465 1844
493 1712
481 1770
603 181
501 686
451 1062
447 1070
571 450
415 1427
419 1410
427 1776
567 1424
481 1432
665 876
709 687
409 1945
633 900
559 1228
649 1127
617 499
507 1476
459 1447
445 1647
521 976
463 1557
645 583
409 1621
451 1532
559 1527
463 1619
673 500
647 1167
403 1845
599 523
489 1903
527 502
553 1357
653 697
765 636
619 991
583 680
419 1717
671 904
451 1488
669 497
513 765
411 1613
537 847
497 868
465 1317
549 542
483 1440
415 1674
645 762
491 1002
683 443
419 1796
545 1650
615 301
559 576
649 278
463 1368
463 1357
583 1324
505 1068
717 740
707 633
701 604
703 1249
617 689
565 755
535 702
491 1066
613 689
497 1110
483 1030
495 955
487 1062
481 1036
485 1032
485 988
483 910
577 574
465 1759
433 1807
455 1744
451 1775
419 1640
423 1579
417 1637
409 1692
433 1856
433 1856
437 1847
605 746
573 1389
527 1539
469 1642
515 840
499 906
499 937
493 1019
507 1769
659 1595
529 1829
611 604
601 765
569 936
555 912
545 1838
633 759
597 735
581 943
581 824
565 1674
563 1647
551 1767
545 1763
545 1853
545 1825
669 661
567 618
643 214
663 582
559 552
533 499
553 1586
555 606
517 1784
521 1718
507 1889
529 1816
505 1897
507 1854
503 1854
501 915
545 902
523 842
647 327
535 1834
521 1871
513 1881
719 533
631 844
653 703
601 701
645 340
701 907
705 163
657 619
713 357
711 417
643 1198
613 757
671 221
529 855
639 350
615 472
585 523
611 605
587 521
587 417
603 477
579 357
595 429
667 1151
559 583
567 647
569 835
635 881
673 453
537 677
571 597
567 669
549 652
521 775
563 948
549 857
651 625
595 673
615 764
579 514
643 563
645 488
607 613
617 625
605 665
603 691
619 735
623 710
621 724
627 743
589 604
665 900
583 672
611 610
659 907
607 650
619 506
625 447
631 458
625 377
649 202
629 337
657 582
623 334
635 438
627 415
645 1052
629 499
635 457
585 531
645 198
607 466
633 640
615 379
643 380
677 214
619 850
577 204
547 959
649 301
655 549
647 381
653 823
633 676
651 783
631 404
655 588
649 1515
633 592
649 644
641 435
629 505
623 582
629 554
625 389
639 925
577 692
787 458
647 114
651 337
615 433
653 914
617 734
601 749
667 833
659 377
653 677
683 324
537 1255
611 731
615 1256
641 830
645 948
633 562
615 771
599 437
741 280
681 420
693 876
643 900
615 757
557 852
645 546
657 586
601 1234
545 1240
587 504
527 1031
655 793
649 759
639 813
627 833
631 795
661 1110
707 409
623 888
633 1097
619 892
677 410
711 396
625 637
645 1129
685 859
689 364
657 907
633 873
637 930
637 894
629 850
643 1094
647 1135
659 877
633 973
641 988
641 1004
663 837
667 769
671 785
653 585
525 1130
541 1077
589 488
605 540
573 663
575 610
583 1178
653 875
673 241
677 494
681 502
675 378
679 316
639 132
601 381
659 611
657 1011
681 807
689 572
689 930
697 887
683 504
743 1184
593 343
639 156
631 207
645 317
625 301
583 475
675 649
661 761
623 1172
665 707
725 333
703 1053
717 381
681 1107
613 716
683 1290
643 1226
647 750
667 1402
661 1237
735 1313
655 574
715 520
731 1081
679 839
663 846
645 1095
641 1051
663 1145
671 1187
659 1011
593 203
659 869
661 762
665 1052
663 899
683 623
653 1069
659 818
671 698
671 1033
661 905
635 530
649 1309
653 1219
639 1214
689 1636
667 1064
657 784
659 740
659 988
655 997
741 995
685 1369
689 996
665 1133
641 599
643 547
635 672
649 728
633 694
663 706
655 763
673 639
653 496
647 554
615 495
719 330
581 658
713 504
617 893
581 534
687 200
637 606
577 474
633 1050
711 578
573 915
669 690
679 1129
749 428
695 1072
729 1243
537 785
719 1163
691 1024
687 901
637 470
675 821
689 533
703 687
647 1363
623 475
689 604
697 759
705 819
685 854
703 214
629 532
703 944
671 605
687 656
515 1600
673 475
685 348
687 782
573 212
699 474
749 764
717 688
713 343
699 220
717 690
621 469
643 913
703 200
707 75
601 731
683 574
703 528
713 643
715 521
711 739
713 619
649 591
659 416
609 720
635 487
709 687
683 263
537 1086
683 1236
619 405
639 1011
709 1986
627 1274
689 544
689 442
647 1226
601 1675
703 526
769 686
723 509
629 442
711 629
693 864
657 737
591 456
665 873
633 402
607 572
667 1350
727 1243
619 332
681 776
621 540
655 548
627 716
681 933
671 413
581 1168
621 442
655 924
649 525
541 278
729 1235
623 819
693 324
733 443
671 1227
671 731
635 947
573 1075
707 930
673 462
691 433
635 165
659 552
671 496
709 268
701 646
633 159
763 1037
659 1138
719 1395
665 1347
693 661
661 1250
667 1167
665 1054
657 1139
663 1063
735 822
727 760
733 912
695 634
703 305
701 243
737 892
701 660
737 1111
717 1060
633 925
583 853
761 339
687 244
633 850
617 534
683 1199
637 1025
767 819
677 1093
763 864
631 1134
607 986
561 988
475 493
541 376
575 952
661 581
663 454
603 1282
657 286
653 282
597 1085
607 1183
609 509
643 330
599 236
681 646
637 867
679 694
541 1277
649 453
621 921
635 629
703 703
659 393
577 842
691 1276
715 566
685 360
761 332
627 1251
635 773
785 528
609 1085
741 661
665 669
677 659
567 744
751 1425
697 206
699 1413
601 1251
677 557
757 944
589 1212
623 219
567 1124
555 886
625 758
587 1226
555 424
589 926
599 262
645 472
545 1252
709 308
563 1015
597 676
615 647
573 752
645 1233
761 1760
643 1660
595 695
611 451
731 1623
685 313
749 382
619 808
713 456
713 507
705 587
695 260
639 613
747 345
737 613
707 468
711 219
713 150
689 410
693 344
715 274
713 542
731 1479
675 1390
741 390
673 799
451 1218
695 439
693 560
739 746
529 477
603 656
703 1610
685 1025
719 335
721 455
747 1032
743 839
649 922
783 360
779 174
755 759
697 445
691 811
695 691
665 1701
745 1138
705 1489
687 544
731 705
801 1293
627 776
657 1829
743 580
563 286
739 780
715 675
573 1133
699 1179
789 159
613 1352
713 479
657 558
747 978
569 1393
717 547
719 645
723 1135
591 471
585 476
617 804
713 427
709 472
557 1090
703 683
593 1558
591 445
625 676
755 868
619 983
507 909
631 426
619 1302
593 1557
623 1450
755 971
599 164
617 1437
649 959
619 883
497 2140
547 356
637 248
605 987
581 1381
603 1137
751 1128
591 1460
601 1344
589 1168
727 1509
603 856
605 180
661 698
675 787
613 1108
625 601
567 1117
597 1343
605 1576
609 1482
631 1033
635 1441
569 497
629 1203
617 268
621 498
653 1735
681 1477
583 878
635 456
565 470
565 1367
553 758
601 470
653 428
629 454
607 627
619 656
589 606
611 1031
491 322
581 855
669 942
617 523
599 196
541 1112
565 995
577 1282
605 615
585 506
649 436
723 1540
571 545
613 787
571 1422
589 857
613 791
619 900
559 1237
577 656
645 1001
587 299
557 1210
561 1338
559 1436
571 303
655 881
599 709
579 518
575 1252
591 987
629 1640
621 81
579 299
569 434
585 777
625 946
637 463
583 574
675 1675
611 1563
689 657
649 1651
585 455
605 1193
643 1750
715 1763
701 1377
585 1205
575 681
593 605
549 673
519 557
621 530
619 423
651 1375
727 756
761 1274
729 1136
595 935
573 692
747 477
599 576
617 427
649 1593
753 1134
629 1093
585 298
561 1082
587 470
589 400
595 570
599 595
603 505
567 374
549 627
571 370
601 1204
563 269
721 1443
607 1197
637 392
611 872
591 584
577 868
619 1234
627 142
655 347
655 623
617 521
603 1058
595 190
605 789
587 828
753 972
579 345
599 953
629 1080
567 1055
663 1237
647 881
609 959
603 322
683 1140
717 1740
641 1497
601 1154
669 872
661 704
593 458
609 654
605 472
543 1403
589 805
635 328
553 1418
609 390
611 278
615 307
549 1419
573 768
587 744
625 474
637 422
593 649
567 1183
597 976
607 367
613 290
569 188
643 192
645 199
577 1076
597 1614
633 521
621 1276
639 900
639 1384
599 1091
607 1017
639 1529
615 1207
641 835
633 395
581 173
651 1174
697 1276
705 1672
617 1429
709 1253
589 419
625 376
565 1533
625 1286
565 1102
639 1451
619 1255
637 223
643 355
669 948
657 982
605 791
569 1166
603 879
657 855
563 1187
627 500
583 1091
615 1369
601 1164
769 379
717 1064
647 1188
649 1100
781 476
691 1171
781 847
753 876
693 1114
781 811
625 894
593 917
761 1308
637 755
645 709
613 1049
667 876
701 1375
685 1372
653 503
639 512
637 460
627 1031
639 311
647 252
751 759
735 389
753 627
761 934
631 771
627 755
627 709
621 1068
585 548
611 911
613 1068
619 946
613 1005
609 885
667 435
747 1305
565 676
669 1581
623 312
675 617
709 1246
671 1413
595 398
707 1726
687 918
705 1384
605 1249
697 1100
671 505
663 952
663 463
675 1477
709 1638
689 1149
761 1239
663 733
667 1266
663 1722
655 1634
673 1055
657 1857
681 982
667 702
683 797
645 451
649 563
675 1107
663 858
797 1321
657 1363
741 997
743 557
687 984
787 1188
599 712
599 742
665 1120
685 910
591 1094
757 443
489 1688
539 510
675 1028
641 839
669 663
649 428
497 225
605 237
629 1413
671 1305
665 1252
707 1579
787 229
631 559
633 1559
623 590
639 534
635 546
617 737
637 1085
647 1805
599 614
645 458
565 200
513 535
635 807
659 674
687 1078
643 596
709 1230
593 628
671 806
597 186
677 522
685 843
715 1341
683 657
687 1019
689 926
585 400
633 252
575 649
703 1502
691 958
601 647
679 985
643 581
615 1782
673 1037
593 497
677 1058
657 959
667 1372
553 607
629 629
663 1795
657 539
649 1834
687 1542
683 1264
609 689
599 1029
641 350
581 672
687 1519
693 1240
687 1320
643 1010
691 1109
587 268
585 604
659 539
645 1179
619 311
687 1105
621 171
637 1086
679 474
649 818
581 617
641 417
637 340
627 302
679 1014
581 521
637 291
563 467
635 250
625 243
565 637
683 634
551 479
547 605
609 140
687 1531
683 700
657 349
655 582
649 395
689 1042
659 630
757 1067
621 801
709 1175
571 421
603 1383
605 272
685 1092
695 1198
695 1242
623 974
643 996
661 903
555 473
641 1482
641 1090
583 516
585 424
639 297
629 637
639 499
633 227
595 214
709 1749
653 577
571 718
639 466
609 302
639 185
643 266
619 152
625 215
661 725
663 994
643 1867
641 883
617 833
639 1278
711 1170
687 1114
637 760
649 1071
639 952
647 1286
643 1064
635 1537
663 483
647 542
659 584
565 555
655 884
589 411
503 263
607 325
661 1078
587 555
647 1765
591 384
631 326
603 201
641 593
583 385
639 1383
561 434
643 475
609 746
659 820
649 654
637 1271
643 1117
631 196
687 1008
517 623
549 188
653 808
651 755
607 216
601 495
635 1475
651 605
649 699
649 509
649 636
657 622
653 526
643 411
645 941
507 394
539 658
621 357
615 352
579 436
535 513
615 405
641 631
609 1791
633 1258
583 769
569 568
583 754
497 881
651 1069
539 1675
399 676
523 625
521 267
499 642
605 1517
659 1449
555 308
531 368
543 1377
539 388
565 476
643 758
595 674
573 622
555 452
595 799
525 555
569 389
569 309
633 164
649 424
659 641
629 487
593 499
613 359
617 330
483 93
609 453
613 392
591 240
623 337
607 244
591 467
443 322
615 568
611 383
609 485
579 382
603 436
607 285
539 710
597 480
605 466
613 315
601 493
593 376
557 236
565 574
611 252
611 92
609 92
661 1126
591 188
611 293
595 150
691 722
573 232
599 590
553 789
531 1547
623 400
611 1139
749 517
603 923
443 1435
605 166
593 443
587 513
587 354
775 1076
667 824
563 607
659 560
595 449
497 328
607 94
637 956
577 263
647 446
615 379
617 411
605 789
593 229
587 1149
561 272
565 519
583 462
535 445
547 699
553 224
569 297
585 720
563 295
535 847
645 820
659 1392
671 1062
639 953
547 587
477 190
439 799
553 667
551 631
619 674
539 525
547 633
553 647
557 602
627 713
605 664
573 1409
575 824
593 276
679 1728
605 1331
587 1235
577 814
589 644
627 1086
627 1013
645 620
611 1332
691 1093
561 665
545 750
575 330
701 1693
629 820
611 1473
555 720
601 1641
593 1117
561 655
625 1494
569 765
601 1749
583 1106
583 1114
573 701
569 768
599 1689
599 1397
603 1769
601 1248
693 1020
603 1086
535 576
757 1000
397 650
495 234
563 506
621 976
555 656
547 440
541 670
547 584
543 721
611 547
669 940
643 1058
543 681
645 865
571 345
567 214
543 473
537 720
561 461
545 584
549 645
543 419
549 471
551 583
543 530
729 456
561 232
665 1158
551 643
631 1141
561 304
571 324
591 498
547 564
557 371
675 517
493 833
665 485
633 1100
621 629
485 960
561 326
547 717
519 192
597 467
575 296
565 1113
495 724
613 2279
537 654
541 458
625 1076
797 1105
615 470
545 533
581 2127
645 1738
599 445
521 1053
539 568
499 993
663 966
669 1116
573 190
545 232
753 1024
569 221
565 319
503 496
555 359
475 637
471 259
395 727
599 655
673 1187
613 759
567 448
583 463
707 1861
413 697
461 228
563 475
485 233
507 1254
603 403
563 113
539 1706
437 442
541 579
591 465
629 839
565 105
643 163
585 677
593 741
685 956
607 423
587 608
807 272
543 651
505 684
505 151
691 1041
569 422
593 565
499 213
493 124
505 1139
509 258
505 371
403 606
457 285
519 1190
491 276
421 537
477 511
509 156
585 489
573 547
549 594
525 330
533 359
695 1724
667 259
653 482
531 499
553 356
603 618
513 500
717 1288
663 1685
585 362
757 181
599 318
537 497
571 407
591 326
599 292
715 703
713 1363
669 1242
573 1648
675 1507
569 1485
651 1387
433 459
689 783
571 1408
423 384
563 279
627 533
593 691
495 623
435 511
731 902
673 716
599 644
567 189
759 469
741 1084
553 415
615 268
585 555
593 413
573 313
587 290
709 1131
527 1450
797 857
767 1117
541 1029
549 485
667 993
569 139
563 675
625 1510
657 908
591 373
767 644
671 764
639 589
621 1398
553 718
579 902
433 435
547 657
575 621
573 207
601 593
493 192
577 614
547 632
575 728
575 622
571 715
569 533
571 498
565 312
565 616
563 729
557 764
563 652
567 706
575 635
571 626
577 569
563 588
575 719
583 687
529 624
613 1314
751 386
557 713
595 624
661 736
577 516
613 714
637 944
573 257
561 622
583 374
555 459
571 613
577 552
585 623
571 488
457 316
617 694
559 213
627 643
559 407
571 501
581 484
593 764
573 548
609 664
577 155
543 464
597 652
573 625
573 116
649 1138
661 1019
575 527
587 353
567 574
631 1479
647 1096
679 1065
559 466
585 479
565 188
567 476
407 349
577 325
627 699
577 572
565 554
583 522
645 591
557 493
563 425
561 681
567 314
595 705
589 313
555 259
569 504
665 711
565 394
587 664
557 378
595 677
557 164
557 317
563 82
553 276
549 291
525 461
527 548
533 339
523 642
559 407
525 521
541 372
537 338
547 188
549 132
543 152
567 201
589 452
587 484
567 467
667 943
565 229
569 243
661 1156
583 564
569 312
565 269
571 252
571 552
575 630
581 590
577 584
581 564
579 417
581 421
599 725
595 574
617 719
615 793
629 812
561 251
635 770
647 686
611 758
633 694
635 771
597 633
563 181
567 463
557 205
555 461
573 121
575 294
575 307
643 744
759 1001
603 293
577 358
629 953
613 682
611 745
563 399
703 1183
601 1622
765 1492
633 1443
557 564
563 372
549 262
559 613
661 1083
541 486
539 349
637 884
669 999
699 1403
571 454
589 413
577 528
583 513
583 223
597 181
567 425
657 1916
567 486
569 500
527 260
691 1127
583 569
563 602
667 1506
597 301
559 256
575 208
623 1449
543 370
599 644
561 698
665 986
657 756
579 556
625 237
549 604
691 879
539 283
509 819
619 577
761 524
669 1148
695 1231
691 1105
705 785
647 1020
751 375
607 1515
563 336
497 161
447 1415
437 619
597 2299
447 423
481 346
493 958
491 245
599 575
521 1096
587 626
597 591
619 747
571 440
571 605
647 1289
695 871
575 486
569 554
563 692
559 332
727 1750
657 613
671 1049
721 1798
683 565
615 1154
751 1423
719 1458
711 1365
673 1066
639 1179
763 1059
683 1588
641 1315
683 1211
685 1337
681 1389
721 1642
727 1615
731 1596
557 583
557 784
679 1288
645 1209
609 918
639 868
747 1245
623 891
645 543
559 901
681 1158
607 501
605 605
605 527
593 391
599 464
711 1139
681 983
599 446
593 915
637 1788
691 1004
689 1243
625 1379
645 1179
655 1224
615 619
613 482
681 1053
691 1273
691 1395
749 985
675 1255
651 818
737 705
641 1428
689 1083
599 907
765 1062
741 895
567 1181
687 1764
705 1364
715 1263
749 1829
757 1418
773 1046
705 1837
715 1304
753 1286
699 1572
735 1306
755 513
753 1314
675 1275
693 1136
699 1192
681 1067
719 1139
721 655
759 1103
763 1508
735 1523
665 705
677 646
701 872
683 1097
701 903
699 1224
713 1133
687 1159
605 463
583 1305
691 1066
805 438
757 816
725 531
603 1447
653 1181
715 1152
669 1061
667 783
623 1548
623 1452
713 418
641 474
641 1706
577 173
701 1181
485 771
515 224
785 580
619 258
621 1181
639 442
551 425
707 986
687 1525
603 820
641 706
677 1090
501 343
613 635
525 1481
665 295
659 607
597 1318
627 952
595 1359
697 1114
701 1238
671 1830
627 1513
581 1381
607 914
763 737
729 1504
717 1457
743 1545
747 1306
615 1410
629 1357
743 1596
759 947
667 1846
637 955
751 1424
745 1172
699 1875
731 1084
717 1430
709 1773
721 1180
605 1443
755 1164
721 1143
677 1684
723 1383
757 1303
743 1443
757 1301
521 415
751 1263
737 1090
745 1212
755 1409
747 1453
753 1278
717 1645
479 813
583 1499
729 1673
735 1599
745 1622
725 1381
765 1119
745 1569
735 1273
787 603
759 1388
643 320
581 1521
499 862
749 1769
701 1733
731 1010
639 1520
739 1724
739 1693
763 1388
747 1657
641 501
761 1523
729 1651
601 1387
615 588
669 988
687 1764
689 1732
701 1560
721 1421
757 1047
641 1342
727 1577
725 1530
523 467
749 1321
661 1365
705 1581
709 1587
709 1706
711 1595
713 1504
667 704
731 1660
715 1609
551 524
597 2332
659 934
553 779
633 718
675 1823
681 1681
615 1515
645 1861
651 1850
671 1611
625 497
707 1809
611 1203
663 1730
679 913
671 1550
593 1172
665 986
725 1177
611 1617
607 1002
595 459
687 773
669 1207
615 579
665 1124
687 1386
677 1179
571 664
717 1204
733 1590
617 445
597 444
605 303
603 204
639 594
683 931
649 1716
687 1450
669 1444
685 984
603 1608
595 675
619 933
629 699
589 828
641 859
601 923
605 1065
667 1154
667 1094
699 1018
663 979
637 471
703 1808
597 1039
611 626
617 819
651 707
659 1215
595 898
705 1900
643 940
613 364
555 985
585 857
617 496
633 925
665 1162
629 1036
607 628
595 654
611 1008
605 252
591 727
675 1277
649 717
623 1719
687 834
703 1450
607 852
649 1299
709 918
709 1585
705 1944
593 908
589 568
669 1249
663 1342
519 1994
547 909
625 826
567 595
663 904
655 838
695 1598
629 972
555 647
629 843
637 313
623 850
671 1406
709 1787
689 1219
591 820
657 808
613 977
699 1405
607 812
617 1601
605 547
655 1579
683 1460
611 372
697 1875
591 961
585 849
649 656
639 640
619 644
663 844
621 1183
649 683
735 1785
511 1433
615 764
619 895
547 909
647 1572
685 1077
559 900
591 848
589 877
581 928
591 683
599 796
591 655
589 758
593 680
591 762
593 770
613 824
585 878
585 895
585 805
595 956
605 745
607 804
651 1815
653 1788
669 1696
673 1716
599 1042
647 1759
633 839
597 597
619 828
681 1827
719 1694
653 1582
675 1818
595 966
741 1564
655 1834
611 1127
621 1458
619 1079
653 1794
663 1931
661 1747
583 749
613 400
653 1460
645 1393
667 1517
611 1170
597 353
609 1249
803 202
661 1411
631 1223
645 1326
665 1452
701 971
683 310
615 934
613 1184
593 398
591 525
595 492
593 456
603 466
611 474
651 466
631 509
597 644
631 386
603 576
595 1012
607 1468
631 271
667 623
611 414
693 717
673 493
679 387
625 377
735 1272
613 759
625 390
621 498
625 728
533 1430
529 1625
653 628
743 455
601 579
543 937
665 916
671 673
643 311
619 268
719 263
627 200
621 181
479 2283
469 190
699 1732
623 450
621 555
625 330
617 382
657 1007
739 1450
663 920
623 970
523 2048
623 958
679 437
631 982
627 654
595 626
621 770
697 204
657 521
591 716
657 695
657 840
647 556
615 1406
597 416
643 1801
453 758
607 1795
699 1663
693 377
641 193
681 481
695 868
717 714
681 858
683 1201
697 673
677 275
651 905
679 813
719 1363
723 776
727 647
775 926
631 1511
589 1498
517 1770
703 1211
693 801
691 860
651 1792
757 1419
711 1545
711 171
729 1399
695 990
679 663
609 162
695 335
663 968
653 275
623 1143
549 1030
693 729
725 1028
679 395
393 696
689 1253
689 1009
703 365
677 1663
665 933
611 151
557 523
643 1208
563 190
561 715
547 1299
609 2179
671 337
467 1927
605 337
667 677
701 1046
487 1773
577 763
569 512
509 1695
531 1705
589 530
697 940
703 247
699 224
613 431
571 817
601 339
643 1014
657 1242
533 948
623 1185
675 428
587 860
495 911
707 730
621 163
579 795
569 1259
579 119
755 671
555 712
695 188
683 1243
705 910
709 705
691 639
605 542
461 1357
523 468
619 1046
683 653
661 1134
593 426
637 311
621 1155
433 475
597 253
597 285
567 730
695 912
549 768
629 194
581 155
551 788
575 766
557 624
593 321
587 687
737 1025
643 840
617 2021
663 560
675 837
681 815
663 836
659 261
621 1150
641 273
663 811
661 757
653 1258
683 610
679 607
669 361
663 315
679 520
679 452
675 1235
645 782
663 853
673 858
645 1030
669 546
675 949
543 939
757 687
649 1089
637 833
665 1050
665 1054
651 855
655 964
549 823
637 933
647 1159
661 780
633 939
659 1025
645 968
653 784
755 994
643 814
679 1481
653 1207
655 816
661 853
653 1180
653 1156
711 941
705 345
729 736
735 693
737 1680
495 1879
707 1064
805 330
727 1230
713 1487
717 1289
721 1544
623 814
715 1543
705 966
713 1403
681 1322
755 979
795 570
697 186
715 1506
551 1033
477 242
491 827
491 438
731 1269
503 518
489 1387
649 370
637 820
491 870
635 859
431 199
667 827
609 834
733 975
807 410
745 1249
581 211
643 873
687 1269
467 1137
677 1673
773 755
681 329
723 1384
635 2148
605 732
693 407
751 628
571 2156
659 1558
741 1014
759 1250
763 973
637 1735
719 1086
733 1491
527 1433
717 872
635 470
595 561
763 1507
785 1433
763 1053
671 1614
769 996
769 1012
773 1124
799 1181
785 1664
799 1421
791 1439
795 1074
775 1552
679 704
793 1556
799 1352
785 1650
783 1389
773 1362
777 1376
595 668
629 412
627 244
783 1590
703 308
789 1106
785 1117
779 968
771 909
725 1656
679 688
551 1631
789 1213
791 992
581 1255
455 602
683 604
687 254
665 767
667 539
635 937
675 848
759 1366
703 258
649 739
663 512
665 1039
739 1313
711 1675
783 400
791 1352
793 1485
785 1195
799 1018
777 951
671 809
737 879
713 1040
691 150
679 464
677 427
685 286
779 864
589 283
641 1176
625 1037
567 211
577 973
639 1696
633 758
605 942
565 2521
665 1718
539 1006
555 898
673 366
673 399
641 2248
675 1960
639 2088
493 2223
683 328
519 1533
501 2162
559 326
599 2077
647 648
631 915
701 157
691 308
435 365
575 848
609 867
507 2072
549 863
553 1296
499 90
605 1316
581 933
557 932
563 1113
511 1188
583 1584
587 1445
597 582
479 178
449 244
487 256
477 486
621 1273
491 446
649 1968
523 1163
547 338
589 1249
555 1683
583 1062
675 1349
459 255
435 747
491 1706
431 575
455 310
585 600
485 345
537 1159
533 1256
599 412
595 825
605 776
427 212
591 893
507 598
555 1030
571 1664
439 309
551 1534
547 844
445 216
423 773
409 242
527 1765
539 1796
535 1484
615 549
525 427
513 685
563 1586
551 1400
553 1338
555 1146
495 105
501 415
503 119
499 164
487 272
493 936
433 673
533 863
517 929
469 1142
429 516
501 696
515 397
451 251
457 286
447 444
473 1259
475 378
473 320
545 1229
487 351
439 354
459 601
477 447
447 496
431 1004
681 1499
529 653
615 2111
489 1804
407 472
755 291
559 1298
481 1255
407 461
689 1474
477 425
491 362
611 1179
437 303
489 198
427 315
477 371
473 481
443 707
577 392
447 542
507 570
481 791
499 1237
479 370
505 1160
483 562
487 209
439 996
475 394
483 282
439 534
517 653
527 754
539 715
537 887
437 1031
669 1028
577 1632
583 828
633 381
559 1730
541 416
523 868
517 518
521 502
495 514
493 617
485 611
537 773
593 1498
439 941
459 1063
503 2235
503 1644
637 2104
539 252
511 2656
525 873
515 700
519 890
503 674
513 670
507 625
503 985
503 1014
527 1225
519 1071
507 320
487 208
487 120
521 310
497 158
517 219
491 133
483 247
487 228
499 759
569 1211
567 834
557 506
611 607
507 897
515 946
507 821
495 792
499 689
591 853
629 1225
479 1861
603 372
579 1172
573 590
589 374
553 901
601 527
489 1527
499 1602
499 1756
559 965
613 311
557 679
579 218
563 330
559 509
679 862
555 326
559 424
551 376
553 287
569 333
583 1512
555 330
561 822
559 615
621 849
627 1122
577 775
615 621
563 968
567 860
569 976
573 941
583 888
575 920
571 638
635 810
623 806
603 585
591 749
609 534
615 585
635 718
641 774
641 771
641 786
615 856
633 916
633 677
601 610
571 694
629 666
629 540
607 505
603 575
543 634
425 579
563 1616
641 1349
529 1655
549 356
553 212
541 620
519 1291
637 114
533 1493
611 1850
609 1780
585 1668
467 1071
563 1552
585 147
559 1645
601 2186
531 326
633 2172
667 813
659 1506
613 948
581 806
647 2145
657 1679
625 682
625 747
625 586
587 1120
597 1042
605 939
597 1007
673 1037
569 2407
513 340
645 1805
695 1035
719 881
685 1034
689 715
749 1162
721 742
623 2004
667 1213
665 2154
579 769
733 1007
691 1566
663 2140
673 1504
671 955
681 1265
483 1387
611 1850
531 1190
575 1585
681 1007
607 1227
607 1105
613 1203
689 951
663 1946
713 887
685 1054
695 1122
647 237
585 1620
561 2286
627 1252
611 1047
633 1540
667 1184
655 820
565 1529
765 840
505 1144
611 2181
559 1562
623 818
583 2060
551 1013
705 1153
701 1298
705 786
701 1423
709 1153
707 1381
717 1249
531 1919
677 1812
679 1189
659 1621
675 1168
507 645
641 699
687 1142
683 1139
681 393
657 671
695 623
663 1229
683 1522
507 1362
697 1021
697 944
667 1412
649 2065
629 778
671 557
645 1713
653 783
647 630
683 449
669 1344
565 1939
657 1167
727 732
519 1370
591 896
641 825
715 989
653 582
627 1174
581 639
699 1065
683 1423
683 1016
671 1253
679 662
641 1016
779 1236
685 518
685 482
593 1299
799 524
637 223
591 1213
661 1064
693 299
767 322
681 389
651 958
659 1057
651 1365
667 902
667 824
579 1204
619 345
589 1008
671 509
595 663
469 509
637 981
611 379
615 1707
513 768
643 389
491 1286
523 1850
531 946
571 676
623 757
663 1321
649 411
661 384
639 314
533 2029
671 853
635 961
551 836
655 802
593 1876
475 475
651 416
623 488
599 1147
491 1018
723 1028
533 1017
581 1331
549 819
493 2229
591 1388
627 671
633 1540
623 706
639 928
491 2232
633 532
653 1715
491 1127
595 1271
497 578
565 942
499 1897
501 201
691 1327
635 637
495 306
653 433
567 429
515 845
633 1855
611 654
611 1270
589 274
647 1416
557 656
601 1278
675 179
645 392
537 706
527 590
573 1591
641 1255
557 472
657 183
697 1008
481 2243
671 1622
481 1066
577 920
499 192
487 1086
775 1057
543 1671
633 444
591 478
661 1221
659 1323
477 1075
493 309
651 1194
585 638
441 336
509 2117
577 1950
715 608
519 2151
469 1088
585 1514
649 798
567 768
561 770
589 1816
635 1002
623 1844
641 888
573 574
521 1125
555 491
647 827
663 1211
599 249
643 1021
501 2317
515 2264
567 928
595 523
473 1113
621 1898
551 883
683 692
563 709
505 202
469 829
781 1736
473 1319
687 878
493 1630
567 1555
687 648
649 191
479 595
639 574
553 1170
531 1889
663 1597
647 351
645 306
669 887
713 1199
685 969
571 1323
559 844
531 98
635 497
625 2086
493 1257
495 1188
495 2213
555 553
651 194
481 596
647 1394
615 1902
571 1855
609 1755
681 846
581 1939
583 1964
601 1993
627 222
629 289
623 328
533 221
531 923
523 931
505 384
679 311
635 534
641 343
581 1343
643 1064
497 1963
489 694
665 1710
605 1120
549 942
489 810
619 1086
627 165
613 348
573 466
549 1152
643 276
515 352
637 261
535 216
665 218
473 1007
523 849
643 264
555 897
523 496
447 1033
499 485
673 199
505 536
515 484
627 1538
477 420
513 292
535 270
583 634
557 815
605 767
637 571
495 1060
629 670
499 1087
667 1533
569 632
419 122
645 546
647 390
567 671
535 572
481 365
625 602
651 783
601 703
655 212
549 905
645 206
637 344
585 608
559 275
519 544
533 1117
583 483
613 558
599 632
605 669
629 181
523 354
633 1071
649 809
635 275
639 394
637 852
577 755
507 1639
611 908
571 1385
579 808
561 1268
573 1240
559 380
559 798
643 1396
517 1999
631 443
515 896
531 613
545 648
511 182
581 519
659 474
715 735
609 271
725 959
675 972
605 656
799 750
605 466
587 1431
579 1506
561 1669
601 599
445 1297
637 391
547 461
535 251
503 894
555 817
669 595
577 1084
497 586
531 911
521 631
651 1881
623 1796
639 1273
729 1297
611 1803
617 1849
621 238
645 1598
575 1283
587 1334
607 674
667 1517
599 657
545 775
609 856
643 782
555 249
675 1328
675 915
669 1514
727 859
537 436
591 843
667 494
551 607
579 518
659 366
599 571
493 1215
669 306
639 760
705 1338
545 1757
581 735
579 950
515 1925
525 470
543 1564
547 1092
511 1072
555 1544
583 1334
549 1635
547 1626
559 1592
565 856
521 754
643 235
667 746
629 570
563 1648
585 1624
649 515
589 632
621 375
587 1242
569 627
583 1184
503 852
501 1125
501 850
495 1112
555 1651
589 768
581 631
645 183
583 850
605 546
523 1215
515 721
549 1033
647 583
579 1368
583 1369
535 401
509 800
557 918
545 706
577 859
579 1536
581 1551
591 1397
601 505
779 1370
713 1049
591 1409
571 1304
653 184
621 431
589 654
637 263
683 548
499 2018
637 358
585 920
589 947
617 652
593 596
671 849
523 1929
503 1997
633 625
595 865
685 682
575 707
491 2028
495 2039
641 136
621 1113
525 1795
533 1865
537 1649
525 1732
495 1022
657 318
633 358
611 633
531 1934
519 1972
523 1957
537 1877
539 1742
549 1816
549 1743
547 1823
537 725
541 883
611 509
595 659
539 668
559 873
535 524
635 527
513 316
605 649
579 709
533 1724
521 1952
523 1969
513 2007
501 2027
513 1987
661 331
553 874
567 133
693 297
643 389
653 741
635 718
595 821
565 833
635 440
577 719
627 426
545 289
599 796
667 534
609 494
541 531
653 850
651 383
617 463
667 387
647 864
619 426
607 536
613 487
549 713
577 545
613 463
625 348
653 244
663 343
645 176
615 936
697 815
611 765
595 671
587 582
589 473
601 813
667 594
579 631
591 657
589 886
607 782
593 705
671 259
615 565
625 148
649 397
593 597
667 268
653 524
563 847
635 1401
611 1108
571 820
623 241
559 456
585 662
637 887
653 1287
603 651
659 485
621 543
595 679
633 409
563 466
629 364
561 666
653 239
633 580
663 1023
727 659
639 847
605 355
625 591
625 848
615 377
617 604
603 498
623 334
601 479
631 502
621 516
599 740
657 468
635 865
689 963
649 434
733 1523
587 497
565 1088
627 102
639 555
663 546
575 658
695 1581
675 1352
591 601
653 594
585 572
611 590
563 559
645 731
663 745
573 463
583 511
541 185
549 741
623 451
677 681
635 454
643 61
685 532
677 407
685 401
717 352
653 463
717 1248
697 885
675 261
679 612
693 351
563 664
619 578
573 358
579 960
635 383
603 586
643 446
655 687
535 528
633 351
565 967
587 675
671 714
575 907
547 853
681 1095
515 479
593 649
611 482
589 646
631 509
599 330
571 859
585 824
583 865
565 799
779 1093
679 1135
665 1361
691 1241
671 1556
771 1572
685 977
727 1252
641 1160
673 1327
651 327
661 375
653 390
639 381
509 286
677 452
599 548
615 134
567 779
555 648
575 486
589 505
565 371
549 445
601 637
585 542
591 617
611 293
737 1551
571 672
569 707
559 647
565 424
589 709
601 612
585 687
559 693
589 706
515 389
587 639
511 487
501 363
625 463
677 760
611 484
537 395
565 795
533 273
537 340
533 454
525 237
533 283
515 464
519 424
493 268
527 394
523 416
693 555
593 1155
601 263
653 1665
583 505
611 387
637 459
613 309
715 614
723 672
619 165
623 235
635 1162
625 95
587 525
591 503
591 609
611 2356
687 301
659 1658
757 390
693 1276
753 868
631 666
667 883
613 1115
675 529
593 1246
637 134
631 94
675 288
617 567
641 188
645 1378
621 429
619 380
625 716
659 1423
595 465
607 396
591 870
639 313
599 154
681 521
647 1063
641 1071
665 729
615 1006
679 958
593 1200
593 1266
663 292
685 464
599 227
621 124
615 244
639 328
631 282
629 280
651 881
727 1023
721 1114
685 411
659 364
787 785
643 1013
647 335
665 466
671 501
629 339
619 1116
643 393
641 423
665 293
667 487
641 324
645 209
651 216
659 1278
713 774
709 673
623 884
767 1655
667 543
667 642
667 349
695 1314
671 781
661 439
653 1248
661 614
775 514
679 1134
669 402
737 1231
647 1107
623 1057
645 920
693 280
623 1546
735 1266
621 461
669 397
665 773
647 859
643 928
659 996
677 936
789 1962
787 620
733 855
663 990
659 409
649 323
641 531
661 1385
663 1594
665 1485
665 1406
663 1516
567 919
797 794
525 1799
717 1722
651 1372
627 653
729 718
673 945
635 1456
665 1083
675 1143
669 1011
757 1212
669 730
775 464
657 932
675 1042
655 1672
651 1608
669 1092
637 1552
665 1517
647 1592
667 1695
703 892
693 93
671 866
763 703
677 940
747 651
755 1217
685 1024
683 886
633 735
797 1578
685 260
683 256
689 1343
521 997
695 408
713 515
797 1180
765 757
751 809
749 804
679 789
681 875
669 275
667 287
745 1068
639 538
693 1281
609 875
701 832
699 504
689 837
679 1152
679 621
669 765
647 1536
647 995
631 587
493 578
609 779
743 573
779 1696
625 1251
679 1218
797 1152
613 1131
577 531
613 375
619 741
725 1232
699 865
715 1103
791 985
735 681
697 786
783 1635
741 516
691 996
725 1077
639 800
703 1236
611 633
571 473
777 1500
687 687
697 924
689 1067
729 1200
663 736
441 907
501 1818
713 483
607 593
657 254
715 767
711 1336
799 811
703 1663
621 549
719 1199
729 1217
653 436
625 265
713 1032
717 1149
723 1186
721 1176
723 1657
733 883
701 1102
763 377
623 1265
737 1428
525 719
589 994
741 601
445 1131
739 579
765 925
775 443
747 742
747 863
765 472
763 829
759 1209
697 469
537 1399
687 1285
789 981
779 1372
791 985
637 261
665 164
787 1653
795 1265
717 1046
697 1133
721 1017
603 872
647 356
703 1363
457 2219
751 672
767 1469
769 868
761 533
769 820
793 370
701 1186
627 1621
615 1611
599 214
563 304
625 153
763 660
647 1091
517 1174
671 1088
647 924
719 1177
769 556
807 844
599 1006
807 505
797 584
793 1023
787 1545
571 708
755 449
785 1760
721 1102
681 1284
743 693
749 633
755 391
699 1103
641 1064
797 993
801 677
793 1557
799 1375
785 1252
783 787
741 1881
675 1167
753 1318
675 1058
733 847
721 950
567 472
541 218
589 500
661 881
587 848
621 405
481 385
565 212
653 102
585 419
695 1110
575 322
565 370
537 1060
595 820
605 716
699 1052
625 636
635 763
629 440
609 747
611 591
601 587
633 931
697 1040
621 1218
639 353
647 519
651 332
649 223
565 701
551 820
657 385
663 261
671 1460
697 928
751 447
625 556
631 552
637 554
639 694
525 973
617 909
627 213
613 712
613 616
759 443
577 495
699 1142
545 959
555 762
585 1637
645 723
583 699
621 449
625 385
601 469
491 338
607 843
487 399
523 805
579 434
617 382
591 690
609 1157
685 604
631 856
537 677
591 1119
535 533
643 465
607 337
615 309
609 254
609 1177
527 652
617 785
609 294
625 269
603 383
609 306
559 638
571 723
587 450
595 1189
613 505
533 993
587 983
603 367
579 370
635 571
617 732
621 771
605 706
489 1907
631 1288
581 284
669 915
625 344
659 544
601 374
585 818
611 507
529 1065
635 1280
621 1167
623 997
609 518
613 589
637 615
605 478
605 415
687 801
611 501
609 532
605 1975
681 755
605 338
607 641
631 817
563 152
611 273
521 498
519 311
549 1003
627 982
663 978
641 1167
545 987
575 685
587 544
539 200
553 280
583 1091
561 350
593 392
515 692
559 281
555 557
521 473
557 390
535 193
669 1029
509 307
603 623
489 1847
621 481
683 669
587 1091
633 303
593 862
625 811
611 690
635 324
661 374
627 494
599 976
543 2218
489 1854
695 992
639 720
633 636
689 945
637 500
613 1331
639 120
627 1169
623 681
605 1505
615 947
611 1504
619 1290
615 1270
633 469
629 357
647 1518
615 646
553 679
583 727
639 1167
661 759
645 117
605 711
611 777
607 1137
607 778
641 162
625 529
599 702
629 606
625 346
629 519
633 553
629 468
635 212
631 427
631 1264
631 1038
665 1506
573 226
633 220
627 138
619 709
627 327
607 759
603 440
521 1025
631 161
639 171
621 895
605 1098
607 1009
609 955
619 404
613 372
635 76
627 1197
617 224
535 353
617 955
605 654
569 796
631 186
633 178
627 189
673 1235
611 638
617 830
597 1059
635 673
593 874
613 1229
597 804
663 1097
609 1157
613 1010
663 1048
621 1040
613 1124
543 722
607 1074
611 1120
611 1175
619 304
619 1172
625 1390
631 1276
637 1081
617 919
635 1127
569 320
681 733
663 767
667 735
649 1183
661 945
649 957
649 839
641 908
663 995
665 685
645 707
775 376
557 1557
543 782
579 882
643 653
653 1307
705 1328
691 1253
681 1181
669 906
513 1380
735 714
691 1252
665 896
675 991
703 1284
701 1038
721 958
703 1346
751 339
659 857
629 309
483 1069
653 318
615 709
621 603
617 847
631 582
611 606
623 791
571 632
645 414
639 530
657 1138
589 169
613 857
627 805
589 379
635 609
719 1194
483 737
569 608
645 690
571 496
497 2010
581 319
637 499
519 439
637 685
653 744
589 894
633 649
607 408
615 315
645 710
659 884
579 509
623 974
605 720
563 700
541 666
611 704
493 2072
523 910
611 623
565 898
651 1571
655 1476
595 96
701 524
501 656
687 677
589 329
647 965
651 961
647 1405
573 650
625 589
601 401
627 556
649 1333
595 1079
503 1189
623 1254
637 1049
523 796
627 1143
619 1193
689 767
575 835
631 732
631 1116
575 277
635 1119
573 750
609 2047
639 1659
689 1172
621 457
627 501
575 347
573 497
615 338
621 446
579 260
567 856
609 702
553 1155
545 545
613 414
609 493
601 294
603 486
543 975
599 581
553 803
571 647
621 555
617 586
619 567
563 707
495 1863
601 270
599 319
597 533
573 752
549 683
621 574
549 459
557 1051
595 423
569 738
571 699
565 470
561 1016
481 364
571 708
553 1075
487 663
577 380
579 417
575 596
567 529
519 2272
495 1184
537 1067
505 790
513 1114
525 578
597 586
461 2172
493 534
497 423
525 939
725 960
531 958
529 1232
499 490
467 901
607 1280
537 1274
593 325
591 898
585 1678
487 368
741 1835
513 562
569 725
551 901
699 1150
561 873
535 1063
533 1095
525 1170
535 1106
499 1138
487 174
511 1343
481 705
581 965
505 410
491 737
461 1306
589 634
509 589
511 551
539 525
483 734
491 559
635 866
629 1051
473 2171
599 200
529 444
591 915
551 518
595 416
509 608
531 547
551 769
595 159
635 501
591 332
521 1020
495 272
493 236
547 729
559 1138
641 1031
499 405
577 194
495 309
519 590
515 673
555 565
745 877
503 451
507 400
515 386
511 454
567 400
625 929
629 1024
655 1212
561 506
565 521
533 683
579 586
573 381
695 544
563 676
579 681
647 607
607 2030
535 748
531 780
573 755
715 852
673 1331
585 609
581 477
587 302
599 677
613 491
595 437
551 577
527 632
523 696
547 1207
603 695
599 677
587 632
573 1526
681 1400
643 1234
521 1082
639 1258
757 385
525 482
685 393
631 843
649 1889
733 1086
619 1995
627 1736
651 178
655 142
629 1291
649 1674
669 147
705 297
655 1707
709 829
669 875
695 705
639 1338
639 1334
657 704
685 902
511 1303
725 227
725 355
679 1173
661 1228
661 1509
665 1170
635 1678
637 1917
523 1308
641 1187
645 1277
653 1276
645 1236
605 2007
665 1073
673 1611
653 1519
663 1551
693 1030
679 662
677 1204
657 1444
669 136
675 251
677 1253
671 1360
685 1211
683 346
687 345
695 1086
701 1348
707 1118
703 329
657 1464
671 894
667 1613
609 1006
677 841
665 1397
657 1486
647 1608
705 789
695 1502
649 1315
657 1614
667 1526
669 1323
675 947
689 1428
641 1929
665 1500
671 1565
697 1271
677 1451
693 1090
599 1101
675 1693
667 1840
657 1292
681 1030
687 769
677 823
571 1137
715 625
683 723
689 693
675 1182
671 966
697 601
683 661
695 795
701 1089
677 1219
693 532
685 605
715 352
729 483
677 838
693 787
695 792
659 1006
665 1193
695 808
699 985
717 705
701 722
671 1475
695 866
699 689
715 983
621 884
519 1132
647 1995
727 349
691 608
711 943
699 1036
683 895
673 1532
567 1434
639 887
689 893
681 1186
689 582
509 552
705 795
627 2069
707 251
699 796
725 245
687 1142
725 1064
727 484
681 1858
631 1304
513 1775
539 1088
641 1374
587 586
521 1137
547 975
563 1245
665 1037
495 1864
529 1132
559 385
509 1060
523 1540
587 279
593 1774
555 1814
773 857
565 1799
537 1778
613 1899
483 1091
623 707
657 1549
515 1151
575 1784
513 1195
569 956
555 1549
517 1392
515 1390
555 1755
517 1555
571 1733
597 733
519 207
653 866
523 1286
513 1287
447 1606
495 1941
491 1981
521 1338
539 1377
533 1289
517 1290
519 1291
505 1326
749 459
455 1983
589 1772
637 1560
679 660
507 1836
481 1745
643 1239
537 1910
573 595
701 1304
533 544
517 1718
535 357
509 1822
539 1755
715 673
657 1362
553 1708
421 259
479 2029
681 1626
559 1592
711 1254
575 1115
633 403
791 814
597 332
495 1160
669 1090
453 804
497 1238
495 1472
575 836
687 1569
539 1021
583 1021
779 538
597 851
567 997
631 1176
581 412
687 1687
533 948
511 619
551 598
545 745
539 1812
565 1020
511 1778
551 1408
457 1147
663 1761
651 1581
675 1735
625 1240
573 457
591 941
601 893
585 1038
649 930
585 914
505 969
695 1184
515 1054
595 799
523 1018
587 554
673 961
587 1152
571 1091
627 711
617 1077
585 841
571 630
561 566
553 292
533 907
561 703
561 625
551 1025
601 913
617 1054
565 1042
531 1201
547 1294
521 453
585 1291
603 967
593 1425
579 1356
593 855
575 1322
591 814
601 1538
621 1130
555 1142
503 1805
529 1258
549 1255
567 1357
575 887
555 1298
541 1029
551 1222
537 771
717 219
619 819
651 1323
631 962
621 1187
579 852
589 1156
567 993
607 784
689 1165
535 358
617 658
613 1255
625 1497
561 794
595 759
691 705
561 342
621 1092
581 763
599 1075
559 395
569 793
619 1642
559 457
543 773
553 758
551 757
559 651
551 690
567 726
557 825
565 813
553 776
557 993
547 734
633 570
635 517
643 741
669 1507
661 1244
697 915
623 644
587 1061
581 434
587 584
599 655
569 1084
581 867
595 1217
515 967
571 696
637 869
513 1050
527 918
565 778
563 787
559 795
561 805
697 1029
751 494
551 815
727 541
651 1138
567 798
619 1005
547 922
563 990
523 1066
549 850
551 921
517 1154
631 602
625 558
619 704
601 754
631 1038
629 872
599 936
613 970
609 1056
685 1011
603 596
593 663
633 454
599 780
589 815
687 1147
593 386
613 783
597 836
565 333
601 1345
635 524
625 1193
615 914
603 892
611 896
617 1081
599 947
743 1222
581 1017
611 404
575 1140
613 882
631 912
609 826
613 748
609 716
583 946
597 999
587 1204
597 1042
591 1062
601 779
607 816
613 972
607 978
605 1066
651 917
571 381
643 1064
665 999
645 497
585 809
679 1373
647 304
655 941
625 1052
569 401
543 1057
569 916
543 1062
573 838
611 1035
611 1011
599 684
587 591
609 859
649 821
699 1102
641 432
631 677
675 1097
657 855
627 579
625 673
625 1082
589 564
637 940
635 1007
641 1034
623 692
621 633
629 352
623 668
615 871
759 169
605 397
591 438
691 1068
673 645
779 1037
669 1076
677 733
667 931
535 751
587 353
637 975
603 910
643 999
637 732
555 876
727 638
741 364
455 1100
767 860
631 966
639 947
631 867
641 882
643 961
675 1234
591 415
643 838
629 514
689 1227
665 1051
577 620
685 1192
645 935
529 973
599 381
663 805
659 914
635 823
683 884
529 424
633 849
627 814
623 376
641 1056
679 968
633 469
591 324
655 589
673 1006
579 626
609 602
687 1165
685 1153
599 286
691 1176
707 1084
647 901
645 919
661 1211
661 1021
663 1193
689 1131
737 930
645 785
665 742
667 956
687 1289
691 1077
571 802
537 335
575 565
625 366
651 888
695 1240
777 616
705 1314
615 213
579 583
613 656
669 1415
585 201
599 830
583 257
695 1298
603 253
581 279
685 1094
805 405
631 708
583 784
519 451
521 402
589 541
573 236
577 588
551 274
593 476
675 965
651 378
623 342
585 180
735 1011
709 998
545 346
513 413
529 318
555 202
543 732
697 1212
603 619
751 739
557 1021
499 1421
579 882
609 295
613 254
619 242
619 286
605 250
607 243
607 726
631 980
633 939
617 780
697 908
561 463
573 532
593 340
569 656
587 308
591 381
583 992
605 401
583 503
605 363
551 597
557 273
555 1881
725 514
637 949
625 699
743 526
677 953
617 615
625 722
613 522
603 494
607 632
573 450
631 814
633 931
637 808
581 658
619 921
587 821
617 343
547 568
641 889
551 641
581 665
565 715
645 916
575 920
635 252
575 885
529 638
655 539
537 316
563 788
689 970
559 925
719 824
557 719
647 773
767 375
461 1204
625 586
623 636
613 408
625 685
641 723
565 148
597 409
599 506
587 356
567 207
569 296
551 173
631 682
617 698
625 587
759 764
719 1248
607 757
543 713
555 813
671 937
575 742
579 291
567 753
557 718
591 1047
673 940
671 893
575 645
585 822
597 772
563 669
755 1142
705 797
707 747
599 826
563 742
665 791
707 894
665 658
699 707
659 647
667 654
669 825
557 691
577 946
551 672
553 702
633 167
625 450
679 444
649 529
595 403
683 556
647 333
637 414
625 358
525 974
557 580
597 932
675 670
719 993
599 153
715 965
647 490
597 316
599 218
511 656
619 196
619 310
625 356
631 305
629 280
557 625
583 467
557 362
621 457
633 431
623 470
665 692
667 846
563 692
561 317
649 655
657 500
615 403
639 412
647 441
733 1004
649 556
663 645
695 1191
655 923
649 948
671 1061
667 1055
653 884
663 992
647 800
663 914
669 913
675 839
653 556
659 751
661 550
663 622
683 1008
777 602
717 853
731 781
671 866
687 1036
715 1049
671 807
697 999
713 1042
681 1048
655 856
711 890
661 729
667 726
675 882
723 1004
713 832
663 614
663 682
549 702
643 408
697 912
711 829
721 905
645 861
681 1050
675 1074
691 1109
683 792
675 667
675 787
715 360
613 400
685 890
673 1195
763 578
743 610
687 737
763 825
717 703
701 1032
675 641
719 736
683 740
725 404
527 690
731 606
803 1320
709 873
677 1034
693 940
761 738
667 737
767 519
681 772
731 422
727 963
627 790
559 651
745 485
801 1232
689 715
759 154
711 904
767 1028
685 813
675 718
607 682
701 1105
751 1094
725 683
731 660
723 716
759 843
729 755
723 758
683 1014
683 886
687 1018
643 689
709 1034
665 879
775 1002
707 356
671 1070
753 1304
715 1062
705 237
525 695
689 871
655 1007
737 825
777 1252
745 463
747 1206
733 1742
775 1328
643 1078
689 871
767 807
745 438
721 748
745 586
569 874
779 1174
677 1333
783 281
505 2267
705 1321
649 723
777 2060
801 1359
781 2101
679 1046
785 577
805 800
727 983
667 365
677 1269
735 685
663 866
741 1182
791 2004
779 2133
793 1424
733 1089
795 1012
717 905
623 276
721 264
745 1137
697 630
761 155
711 261
803 1285
799 1915
807 1310
683 1227
703 596
809 254
805 81
795 1933
793 1611
803 1587
803 1490
735 367
771 740
715 674
661 136
793 284
801 1879
811 829
743 790
739 1266
817 2178
805 2262
809 1559
695 603
583 124
753 883
803 902
697 697
651 371
675 621
815 2246
821 1499
727 919
677 998
727 228
651 798
667 939
663 947
639 798
707 1032
637 803
461 599
505 811
739 1130
573 560
663 1249
685 1474
683 1513
639 1683
635 1081
607 397
621 1291
687 1465
541 591
569 1118
717 1583
503 986
497 1249
545 1533
573 328
579 917
555 1493
511 422
527 473
569 352
599 392
469 733
541 632
559 1090
519 487
521 625
561 233
725 1025
643 936
611 410
593 1051
557 595
541 1865
693 1082
621 2076
605 808
541 495
629 807
553 254
671 1474
579 382
671 1410
545 738
477 1659
603 406
525 1837
597 810
565 756
803 991
469 684
493 321
747 1160
803 860
565 182
755 237
451 1147
591 790
645 829
473 506
547 786
617 1283
551 521
513 178
767 426
441 1409
589 920
653 705
655 918
735 1012
703 299
753 340
765 693
713 838
489 619
469 855
491 1233
793 925
565 900
591 903
577 618
689 1384
655 1455
665 1438
701 1429
705 1399
723 1061
555 1482
533 1190
569 849
587 979
571 891
419 632
471 1069
515 296
791 557
787 871
637 186
589 1109
503 251
535 953
491 1344
601 1537
509 618
451 732
481 1619
625 725
523 1367
561 2212
445 1160
523 1562
533 1819
495 1445
499 309
441 1339
785 1030
515 358
453 1088
447 211
497 523
693 752
553 139
515 580
505 631
535 704
519 694
495 712
587 456
613 946
513 1011
479 315
459 577
485 287
521 530
675 1343
481 1414
533 542
511 757
493 704
567 1241
455 1160
453 935
449 1098
441 503
651 1431
451 940
475 826
639 1427
467 1004
469 1065
445 1180
525 553
455 1298
429 679
463 614
449 629
513 579
561 751
607 561
507 520
439 1126
541 859
441 448
421 662
451 1103
685 922
429 684
569 387
515 688
453 963
533 675
421 508
575 312
457 879
629 1024
449 1043
581 2179
459 871
453 983
455 896
553 197
581 2122
727 560
393 572
473 1002
477 968
515 311
505 710
613 2262
595 739
595 2162
453 890
549 861
509 484
515 485
583 601
427 715
465 590
469 554
447 518
477 416
461 503
473 369
463 953
425 440
505 1157
503 1556
447 1369
445 796
449 1429
457 1320
453 1370
449 603
459 1419
461 1377
461 604
459 614
457 652
463 1437
457 830
467 714
457 788
465 755
467 723
447 797
441 855
565 1622
513 493
441 899
543 1888
461 1294
455 942
453 832
453 903
415 500
453 894
597 273
539 2153
443 926
645 1805
467 915
571 1132
513 700
545 776
455 481
603 341
581 183
575 1539
559 1591
457 1072
453 921
541 2151
451 857
525 1493
427 684
677 681
467 672
495 723
471 870
695 777
589 1024
537 749
513 595
745 399
491 640
765 560
713 761
667 809
589 919
479 867
577 1631
737 687
511 375
467 698
473 732
479 252
601 367
517 2124
509 728
507 610
527 576
515 381
495 286
481 433
761 576
707 1023
591 1163
747 815
623 800
719 377
699 1302
529 659
561 615
579 991
585 501
683 1309
551 631
515 207
493 609
515 639
707 742
517 716
555 545
543 440
529 599
485 665
543 500
543 537
545 367
575 807
543 514
693 584
603 403
543 424
525 566
615 374
633 804
545 478
533 659
575 816
625 738
567 716
535 798
491 502
555 621
691 1412
517 875
541 618
505 679
537 692
519 404
573 573
569 242
521 464
525 751
595 780
515 442
517 370
623 484
513 233
509 344
517 220
661 438
509 374
523 542
659 894
551 431
713 1475
593 632
487 615
565 1085
491 179
557 688
575 312
505 457
515 428
467 654
561 730
495 462
551 418
705 1054
595 463
513 406
483 421
493 284
503 657
539 654
513 446
511 477
509 348
511 316
517 402
681 1666
781 451
493 100
493 92
707 1863
593 622
493 156
493 129
493 115
485 129
689 1042
473 1095
579 507
561 2131
535 1701
563 692
617 754
585 875
613 545
577 452
573 880
575 821
561 651
577 811
667 928
713 449
707 755
741 1080
617 333
735 544
581 338
619 398
609 356
609 806
585 818
533 483
579 422
629 1028
607 853
719 376
685 1009
611 733
575 747
557 466
547 607
545 522
551 529
551 619
573 656
559 538
563 568
547 567
543 839
555 593
553 520
621 598
547 355
537 604
493 1903
591 314
587 332
583 757
539 1084
583 257
533 659
687 1012
595 856
725 1146
549 262
737 181
625 726
623 807
653 386
527 563
627 144
531 364
581 187
615 297
515 1048
581 694
589 758
629 262
569 665
667 1697
569 489
669 1466
699 687
597 680
541 628
607 686
611 435
617 396
585 183
615 214
621 385
629 440
577 327
573 462
567 321
513 1617
523 274
491 1572
567 668
565 946
547 949
561 914
585 1028
611 826
625 770
581 734
501 1793
583 679
585 308
529 813
545 878
591 439
545 866
583 476
601 895
577 947
583 591
577 398
587 945
693 1372
583 630
621 429
549 378
501 1596
551 878
575 897
535 411
439 798
589 743
573 707
571 647
571 692
563 702
551 1798
555 623
547 646
537 603
443 1428
513 664
605 402
583 245
623 1085
605 357
607 1126
615 541
569 395
555 1217
517 1635
501 2446
497 1350
575 975
503 1448
493 1766
439 729
579 506
573 373
529 528
453 1527
441 1582
519 1774
525 385
515 525
511 418
503 2417
569 664
535 1459
511 1222
515 1217
515 1243
515 1334
515 1784
419 542
439 791
459 342
593 250
501 1086
489 1884
505 1567
449 1244
417 467
463 888
445 400
449 1227
427 416
445 988
497 1294
463 795
487 1898
483 1620
511 1802
433 663
475 1040
491 2290
475 1942
533 1526
423 452
453 1297
455 1525
437 351
487 1583
609 977
483 2245
551 2226
439 494
483 1690
441 2281
527 2171
415 528
431 718
445 790
451 479
429 164
493 1978
507 349
445 988
437 885
441 228
447 1400
439 1179
445 1277
445 417
443 847
439 805
447 1949
443 892
425 462
417 145
427 458
441 443
407 406
495 1832
495 1682
499 1703
505 1546
529 429
513 334
531 444
511 1648
639 1040
417 565
535 1893
519 1627
727 183
567 1386
521 2252
393 629
531 1747
535 1854
595 1555
557 1168
537 313
587 567
521 1834
517 1735
499 1021
541 1621
523 1718
441 1610
523 1673
527 1820
523 1716
563 1505
535 216
519 1712
469 827
591 1455
497 1526
541 1753
471 1332
515 537
461 1016
449 1283
541 2135
457 627
493 1455
497 1525
589 253
563 1721
585 789
585 790
527 1787
695 835
799 958
539 1911
573 703
543 1908
639 1371
677 1500
795 767
579 887
579 911
585 685
577 704
679 1582
665 1893
703 1519
623 1342
663 1825
621 1339
441 811
495 1521
499 993
475 2330
467 2300
513 785
511 915
511 2448
567 2305
491 1722
503 1528
475 2408
495 2103
485 2025
455 1523
509 1551
515 1562
509 1696
617 803
493 1982
495 1384
519 1663
523 1677
455 2185
655 1480
803 766
501 1863
483 2282
499 1563
539 1174
525 1459
467 1621
551 1097
487 2211
483 2286
491 2286
497 1995
577 1528
495 1964
495 1289
497 1972
451 2226
531 1390
457 1540
497 1470
497 1163
511 1318
581 1687
521 2159
473 2254
545 1065
535 1291
481 2245
519 1891
501 1981
489 2088
565 1317
525 1689
505 1505
541 1266
503 1411
501 1605
577 1765
531 2089
589 1715
513 1954
561 2136
537 1580
501 1352
621 1416
531 2059
529 2052
577 1750
805 1150
589 2049
537 2089
509 2075
559 2176
591 2011
523 1917
515 2071
483 2049
491 1952
505 1927
461 1550
453 507
517 2156
451 2049
449 989
521 2246
555 2057
439 1554
503 1064
557 1159
453 1616
421 612
439 1472
457 1720
425 80
415 439
507 2394
527 478
461 2159
581 2222
469 2097
545 1978
547 2284
463 2184
529 1779
465 2118
493 2210
469 1646
435 752
781 633
419 492
449 263
427 899
499 1795
549 371
455 2017
455 1985
447 1589
455 1554
507 2186
507 2155
471 1553
453 1618
461 1709
505 2069
773 486
463 1749
553 2567
457 2095
457 1680
463 1712
517 2051
425 421
567 2246
675 1334
561 1879
497 1893
583 1998
451 2170
513 2112
515 2111
523 1820
473 1231
523 1843
515 1864
505 1799
485 1262
515 2109
473 1244
493 2214
497 2222
489 2269
499 2166
507 2133
525 1854
549 1470
529 1820
577 1671
525 2247
491 2514
497 1794
529 2194
575 2366
611 1409
557 2212
583 2092
585 1774
553 2232
579 2417
527 2253
537 2252
587 1846
591 2067
449 1028
737 631
583 1552
591 1055
799 1041
581 463
445 408
467 1115
805 652
463 1366
539 1441
769 642
593 224
579 1463
583 354
399 516
471 1238
469 1162
423 561
425 492
483 1473
475 1148
487 1230
475 1038
471 1024
463 985
463 925
465 926
461 888
475 1105
481 1162
517 1660
431 347
459 731
453 724
455 721
455 640
455 599
453 588
423 387
447 863
417 586
471 1218
677 1909
429 519
427 160
425 231
427 404
431 238
449 465
423 283
427 126
427 507
433 385
457 599
461 560
429 181
511 1310
551 102
427 292
459 871
435 263
445 812
445 536
437 489
441 470
693 1789
523 1729
549 2208
551 2115
423 526
445 331
425 570
571 260
495 1933
429 432
721 1306
417 504
419 377
457 497
463 533
489 1081
419 349
417 530
461 632
535 1422
633 1809
431 145
425 353
425 285
417 556
425 412
427 428
513 1486
419 121
425 171
615 867
523 2097
537 719
541 2196
443 380
439 201
431 122
441 201
429 149
421 326
417 351
419 374
423 301
423 292
447 1174
449 1164
433 862
427 706
435 952
445 1107
427 752
429 810
441 922
449 1165
435 1017
437 840
425 675
439 1010
435 897
427 752
433 932
429 859
427 739
431 846
445 1057
437 980
421 326
425 375
499 1111
445 1378
423 145
419 121
419 84
663 717
665 1038
433 647
463 858
455 218
479 1275
581 704
559 1151
439 779
419 275
433 681
439 667
431 598
455 1039
463 1108
465 1159
459 1165
457 1117
531 2249
495 1179
447 985
795 1056
443 574
423 231
447 1341
451 929
461 854
455 799
463 836
433 678
423 409
427 340
427 290
443 922
431 362
433 511
437 486
435 540
441 515
443 536
443 656
437 672
447 631
443 566
443 650
449 617
447 638
429 329
423 382
425 216
425 236
421 290
423 273
425 256
427 477
445 1189
575 2337
505 1329
571 941
439 840
447 1146
447 1079
441 741
525 2251
639 2064
565 1465
521 559
489 912
445 643
631 1964
441 800
513 1430
749 347
471 840
561 1578
551 1457
447 1045
445 1025
443 969
441 846
445 909
441 869
443 928
433 864
525 1490
463 967
527 2242
451 539
523 2388
517 701
615 955
421 857
509 1391
451 888
513 2164
419 399
457 1142
563 312
465 1265
547 2327
433 892
513 1100
613 2053
551 486
469 1141
525 1430
493 1251
519 1265
555 191
543 1549
551 1615
441 740
469 1161
561 2204
641 1415
505 2498
541 2118
539 318
535 823
499 1572
501 1017
579 345
611 1213
449 369
533 1756
543 217
791 954
549 2193
785 360
767 121
547 2539
805 751
615 2098
559 1735
505 873
453 654
537 648
557 1052
531 1688
607 789
543 2519
745 1163
549 2515
595 645
565 1183
565 2376
531 574
551 2465
561 1774
639 1356
503 1568
589 1547
601 1607
615 2094
583 1461
567 2389
561 2412
543 1798
501 1538
567 1582
571 1577
719 622
679 746
525 2173
641 1684
569 1657
563 2436
581 1588
577 1632
567 2412
559 2429
587 1319
571 1688
723 1503
549 2473
595 1560
555 2438
567 1714
569 1695
549 1076
565 1562
561 1520
645 1040
641 1003
551 2101
541 1138
591 2100
457 317
617 1303
447 716
675 1408
467 780
453 549
447 870
581 1575
641 1365
445 1273
561 311
429 853
469 1220
417 229
441 679
519 1451
425 319
445 686
439 633
501 1909
709 905
441 637
433 954
457 760
451 641
455 371
443 759
429 468
455 274
457 621
411 280
407 237
503 1641
445 451
417 619
591 1474
561 2111
465 1344
441 134
459 123
589 717
425 410
491 1511
553 541
425 384
403 361
411 284
455 517
457 1283
509 1508
395 680
451 476
439 470
423 283
445 1051
451 395
449 364
445 397
421 71
421 169
443 284
457 294
437 385
425 66
447 257
425 136
441 265
419 168
561 1469
519 1435
451 336
437 398
499 950
419 485
419 489
411 433
415 445
509 286
489 1351
613 642
583 703
611 2318
427 840
405 479
545 1154
411 428
533 688
395 616
473 1223
497 1336
725 793
479 1309
465 320
401 474
427 453
447 311
427 469
425 443
401 512
427 470
415 480
441 392
459 989
433 462
433 1140
413 548
443 413
451 327
417 534
453 251
455 1038
421 534
423 503
439 481
439 473
433 394
439 425
431 429
539 361
539 1346
459 778
639 1015
441 507
589 951
589 1000
465 1116
455 379
427 1007
441 541
495 1172
441 465
447 404
431 964
505 811
437 1063
407 719
559 2152
417 790
413 678
405 782
405 737
411 750
411 702
433 797
463 563
445 556
447 835
533 230
447 999
589 519
457 976
643 771
429 920
463 654
469 1069
467 1113
451 859
433 937
591 319
547 480
463 788
465 754
549 1227
463 648
461 805
473 1082
499 369
463 779
461 612
453 763
463 1154
457 953
717 1067
509 1460
591 291
527 707
457 1384
461 1407
441 1281
525 1533
473 1208
535 564
525 559
453 772
469 711
647 980
461 938
469 1124
469 809
467 1079
471 1144
611 1459
675 735
745 538
477 1451
521 2096
483 1288
471 1086
523 1490
567 999
619 1452
519 1633
495 1503
479 1450
593 868
529 636
463 1231
751 558
467 1151
481 1164
479 1215
605 570
567 1629
503 1164
541 377
517 2073
507 1322
525 1283
461 1401
549 2158
529 1541
597 1487
511 211
651 1012
689 1332
601 1464
639 1101
573 1033
541 286
547 2200
623 2092
537 376
785 1192
551 2148
535 1488
541 2116
553 1047
741 387
585 1296
463 1242
671 1964
535 1458
593 1445
579 1165
705 802
531 515
573 1417
511 2005
593 1417
553 878
559 930
547 1176
549 1292
531 1330
539 1440
553 775
555 1474
625 1515
567 788
575 642
561 839
677 1262
559 1324
717 600
637 1095
669 1312
551 2282
575 2072
667 1893
583 202
587 273
731 603
743 421
575 980
667 718
591 2106
677 692
603 2054
671 547
567 1117
631 2169
621 2040
625 1993
559 632
743 361
581 936
571 398
585 2152
573 1436
541 713
629 1441
807 769
721 978
603 1632
561 1106
687 1353
555 2176
567 1177
747 1477
747 387
627 983
631 1987
589 1487
575 971
467 1289
591 541
619 969
563 367
603 1497
689 775
797 924
579 335
753 607
657 1644
651 1416
623 2049
549 2180
551 2122
575 2121
611 1503
585 464
597 1484
677 649
765 332
651 1362
639 1667
661 1425
617 2019
689 1102
547 1153
563 2126
613 2121
793 1037
579 1351
625 1412
563 316
545 923
761 958
577 2153
553 940
787 939
579 2168
769 812
559 921
549 1471
587 1822
681 1306
611 788
645 948
721 1400
771 917
549 2241
549 2197
557 2137
579 358
759 659
655 1836
651 644
621 856
653 580
667 1118
681 1462
685 1358
647 1961
571 1069
769 811
665 1269
665 1554
609 595
639 829
801 953
657 870
569 219
615 1096
673 565
589 1325
783 1048
637 1157
613 1024
621 976
627 1114
569 1592
727 571
743 1204
557 2146
597 1504
747 772
647 866
731 1015
641 687
697 1181
641 1398
793 1048
629 2192
555 2186
617 1549
591 922
643 2081
801 553
567 1333
761 363
597 791
551 2292
595 1533
555 2205
509 1417
617 1354
615 1109
683 582
615 1625
589 2360
633 1997
691 750
581 2367
631 1509
677 819
685 1328
789 202
741 522
695 811
571 2373
579 2305
613 1619
605 1031
607 1011
609 981
601 1665
577 2404
565 2452
567 2311
597 1615
557 2351
587 1662
601 1132
601 1208
599 1068
585 1697
571 2432
591 1699
559 2497
561 2481
585 1756
565 2453
589 1728
605 2155
635 1438
603 2185
633 1975
641 1819
709 1083
681 1080
629 836
613 2187
641 1419
635 1392
609 2137
631 1415
709 459
607 2181
495 198
595 715
609 2162
687 659
799 722
617 2032
651 1350
659 1356
695 1152
671 1315
633 1376
601 2159
627 910
723 309
723 414
487 519
759 364
767 262
759 265
667 549
767 276
743 491
685 1364
683 1763
689 743
651 329
695 1342
629 1990
647 1054
657 1312
689 1086
741 1230
721 1128
649 1347
655 1319
645 1668
617 2152
601 1148
763 182
641 1005
587 1441
807 1951
651 1273
733 1263
677 1514
695 1484
639 1009
639 949
709 1263
771 829
767 1254
705 1163
681 1139
669 1207
631 2077
681 1653
673 1721
657 1369
733 1441
743 942
659 586
475 1018
647 2150
705 204
767 412
719 1256
663 544
701 1568
669 456
657 1215
733 1097
697 1453
709 1425
703 259
711 228
503 358
559 1450
633 1602
747 1187
645 927
705 1320
571 287
713 1483
623 789
729 1196
621 1398
631 523
713 1606
705 1582
715 1544
729 1716
759 435
605 2189
599 711
675 1512
491 772
745 1303
741 1354
751 819
749 667
747 674
643 400
695 1602
663 597
631 2121
639 1432
723 993
729 972
713 235
717 500
741 478
697 934
751 615
741 559
727 331
639 664
731 239
741 796
731 295
709 222
759 230
761 489
725 813
723 187
765 366
759 326
705 1382
585 322
653 1410
585 2078
699 1160
665 397
621 1391
653 1461
657 437
641 2179
613 430
595 686
633 908
653 672
739 564
635 574
603 985
685 810
675 768
695 275
639 788
533 663
565 498
603 695
589 545
455 967
593 1216
627 538
647 751
653 745
473 1176
469 1254
705 331
639 523
593 554
649 765
617 1428
521 722
571 1604
595 2151
571 2137
579 133
613 804
627 1436
811 1614
601 1045
617 954
501 491
453 852
639 479
629 803
591 310
623 898
609 1251
627 897
607 1422
571 1047
587 672
593 141
591 2184
663 894
775 351
615 1393
609 1428
645 853
467 1240
717 1404
449 1157
439 1138
577 448
523 210
715 1610
615 618
631 897
623 760
525 393
619 1442
699 1531
663 665
587 522
601 311
693 1559
601 2165
663 895
621 873
603 260
659 780
559 1396
609 713
663 1275
585 1097
605 1302
473 499
503 823
519 287
683 1588
669 1258
507 456
593 561
647 1260
655 1319
677 1353
489 953
635 990
653 1409
659 1311
705 1326
653 1186
695 1138
685 1224
699 1439
713 1400
605 737
579 684
645 1094
577 476
493 434
645 1303
479 1059
555 770
585 423
641 956
583 344
711 1061
599 433
645 1142
645 726
503 849
497 1037
489 934
499 992
593 790
559 1349
565 565
519 733
511 885
511 734
459 1107
543 401
543 449
551 130
561 310
557 441
667 604
661 800
549 346
521 781
543 295
493 535
533 283
555 393
563 557
557 498
589 581
573 979
475 782
649 1664
603 1336
449 752
595 895
589 750
567 643
573 865
581 238
615 611
595 320
621 283
637 235
657 1153
645 1315
605 162
715 1809
735 1960
697 1508
719 1826
527 683
611 991
601 974
585 374
673 804
697 1115
675 1007
661 626
685 745
713 1016
707 1123
685 739
735 1548
725 1525
719 1187
701 939
697 1319
623 991
635 564
683 1205
629 732
605 878
711 1489
609 314
695 1233
681 856
727 1005
719 910
669 925
635 970
713 1249
727 1166
735 1249
705 1123
661 712
631 1047
693 1051
667 779
679 997
669 639
623 1236
567 571
571 825
575 1290
677 1345
671 1262
603 801
481 606
487 629
517 328
441 926
465 940
471 530
475 458
455 791
443 834
471 596
451 574
457 954
467 422
477 397
457 495
471 467
451 1074
475 346
479 397
479 320
475 402
489 414
491 558
449 904
461 859
457 1131
461 1107
459 1122
599 604
767 684
539 482
599 1170
671 1310
561 521
591 629
631 572
569 939
553 351
599 736
595 665
629 1376
571 1251
579 1051
585 1178
577 995
805 1574
591 732
589 791
589 612
595 1121
601 991
599 1091
583 1478
663 1520
633 1080
575 1337
603 622
663 1481
587 1101
711 1151
693 1741
639 1431
587 1140
553 1362
571 1149
539 569
553 1143
731 835
609 1201
703 1595
621 1255
617 611
609 645
657 1140
703 1721
625 1030
649 1016
611 1290
665 967
697 1344
631 1182
679 1190
671 1038
675 981
679 1372
649 1348
631 1230
663 1046
641 1318
665 1135
687 1215
619 1258
625 682
701 1731
679 1503
689 1742
653 1445
661 685
661 1546
661 1613
659 1434
643 1081
661 1500
589 602
585 742
581 796
583 554
587 520
587 437
591 496
799 1285
785 540
795 1014
787 448
807 2053
773 457
735 705
757 453
761 416
759 569
809 1418
755 643
803 1010
803 1857
745 581
783 1116
725 976
729 738
733 998
743 957
715 365
725 634
803 1373
769 708
771 682
689 870
755 533
753 479
761 459
707 1184
717 963
755 906
687 439
579 550
717 863
731 333
697 445
711 475
767 802
763 550
717 766
697 803
671 837
769 789
735 228
765 642
747 525
663 562
759 690
703 891
767 672
759 491
699 493
579 832
737 439
787 831
805 2205
809 1525
807 2179
809 1435
803 891
807 780
785 451
787 379
791 330
795 183
739 656
723 1059
719 1549
695 901
689 792
685 752
681 1100
755 124
681 664
705 503
711 546
707 640
691 896
729 499
745 233
719 403
721 828
549 1087
715 1105
731 829
679 1388
731 442
699 1065
635 337
551 981
763 1330
749 1143
661 748
743 1340
739 1054
717 1237
603 428
719 642
717 1098
735 701
757 1025
613 1413
749 1113
743 1359
723 1346
725 1233
713 1541
675 1501
603 767
713 1306
715 1425
713 1330
709 1262
689 507
711 1302
711 1172
717 1055
639 352
655 486
729 1243
735 917
729 1173
577 514
605 468
665 536
721 1196
731 908
725 778
545 396
637 637
677 564
733 864
731 779
647 357
755 657
633 1158
673 929
721 217
695 715
713 709
719 1059
719 555
663 1626
739 988
719 569
719 802
737 582
763 836
731 892
735 640
715 1228
711 426
713 693
709 758
743 530
735 426
761 609
753 430
725 397
739 312
737 375
745 365
697 1208
715 669
713 813
717 740
749 591
745 452
723 854
733 528
743 537
713 422
701 1211
723 513
771 757
755 625
747 615
721 415
717 319
619 579
673 797
677 1553
645 354
661 693
645 685
653 623
657 1518
673 1394
629 804
685 935
617 896
679 648
657 948
627 759
661 654
657 1527
659 1517
665 295
659 1032
607 659
703 501
663 743
669 742
597 396
653 802
657 848
615 337
691 1451
677 552
697 1044
663 940
615 368
651 307
661 1536
693 1469
649 495
627 867
619 800
645 553
649 529
591 480
609 1378
541 854
545 959
553 463
517 930
633 666
527 737
707 578
521 404
577 498
519 543
557 839
687 827
661 1095
589 477
659 802
507 708
579 738
665 536
567 978
607 968
575 580
565 347
563 1260
553 778
649 791
625 929
649 554
697 849
643 662
607 425
593 688
643 461
511 707
557 589
603 482
589 406
537 768
669 675
545 683
567 875
613 286
561 933
551 694
645 515
561 638
601 372
567 247
599 701
599 454
579 591
525 938
533 786
633 277
541 810
569 1019
597 735
527 955
503 833
643 111
621 541
611 468
565 301
587 1218
553 618
539 805
671 761
575 509
503 835
561 659
635 241
575 1199
577 570
645 737
605 272
659 436
627 419
603 355
577 555
587 472
599 336
579 1307
655 874
549 464
703 687
703 1657
693 1216
645 955
631 586
637 761
671 1115
671 1368
611 332
665 846
603 470
609 388
657 979
637 622
651 670
641 550
577 575
667 1357
693 966
699 1279
699 1534
699 458
651 705
545 677
699 607
711 387
711 191
707 1378
649 800
611 708
683 856
599 726
693 703
621 569
593 472
669 953
707 449
609 642
671 1602
649 714
645 719
631 762
647 667
697 910
597 912
657 661
647 869
661 685
661 982
601 742
623 709
667 652
673 699
653 725
675 1436
657 695
659 694
685 367
619 467
623 545
657 744
547 674
667 493
677 923
677 625
653 817
675 507
705 1280
693 1421
701 1324
637 592
645 713
673 1120
675 1059
633 440
647 597
673 1269
675 1137
675 1059
591 850
621 641
697 892
693 891
615 459
591 727
697 1011
699 941
693 826
705 785
691 884
721 271
673 392
655 410
679 727
633 304
649 334
707 718
705 670
695 1085
691 1008
707 836
715 458
715 894
705 435
669 669
643 405
711 1003
707 551
597 740
631 404
557 518
665 754
515 736
551 675
583 467
599 695
593 296
579 709
585 917
687 837
693 692
703 698
695 442
709 917
681 978
697 835
677 1023
683 861
709 961
681 1019
633 851
647 427
641 661
589 614
595 797
601 953
607 539
593 904
599 787
613 337
609 444
645 375
597 891
541 741
529 726
599 398
593 882
599 325
663 600
625 228
661 559
591 652
611 608
609 645
537 478
491 1002
567 810
531 701
577 718
621 498
565 756
601 403
553 828
649 227
577 417
661 627
635 529
629 198
643 514
623 168
613 230
619 227
631 191
569 577
567 719
539 802
543 815
547 919
591 501
523 820
519 881
517 1042
531 594
545 722
545 621
551 506
531 1057
509 967
519 648
537 771
521 786
521 1013
521 746
549 720
541 785
535 691
547 560
545 712
529 715
525 783
625 238
603 403
543 518
549 604
521 750
523 685
541 551
529 631
545 649
543 884
535 726
535 649
553 816
527 746
515 529
517 494
525 879
555 728
523 709
529 672
551 876
551 917
543 854
535 781
545 671
527 725
523 664
529 981
555 888
531 587
653 354
567 657
531 494
581 784
513 792
555 802
515 719
521 721
543 634
541 711
533 836
561 594
519 698
561 593
581 859
649 271
565 660
563 551
661 642
589 378
531 800
525 960
611 577
533 736
647 593
541 702
559 684
547 635
583 575
561 631
555 688
529 670
539 662
555 473
551 815
585 471
555 543
579 623
529 762
575 567
591 532
589 602
573 655
551 646
655 697
599 618
517 668
517 696
501 972
641 309
665 575
639 201
623 261
529 669
529 960
535 886
567 844
581 345
551 772
547 617
551 527
529 884
531 851
527 802
533 756
533 940
541 676
539 866
551 705
531 946
551 662
537 805
537 884
539 813
537 850
531 721
529 691
527 851
531 826
539 758
529 716
525 759
525 791
565 622
543 767
553 641
559 885
561 623
559 810
565 847
555 892
553 644
